
========== instances\3_7_13_19_23_29_a.buck ==========
Cap: (3, 7, 13, 19, 23, 29)  Goal: (0, 0, 0, 0, 0, 28)

Algorithm                            Path   Visited   MaxOpen          ms
-------------------------------------------------------------------------
DFS                                 15837   4689088   3261950     19461.5
BFS                                     7     28848     49769        52.6
Best-First (H1:SumDiff)                 7        17       140         0.3
Best-First (H2:WrongCount)             12       170       940         0.4
Best-First (H3:MaxDiff)                 7       493      3179         1.5
A* (H1:SumDiff)                         7       101       810         0.7
A* (H2:WrongCount)                      7      1206      5037         4.1
A* (H3:MaxDiff)                         7        41       328         0.6

BFS (7 steps):
  0: (0, 0, 0, 0, 0, 0)
  1: (3, 0, 0, 0, 0, 0)
  2: (3, 0, 0, 19, 0, 0)
  3: (3, 0, 0, 19, 0, 29)
  4: (0, 0, 0, 19, 3, 29)
  5: (0, 0, 0, 0, 22, 29)
  6: (0, 0, 0, 0, 23, 28)
  7: (0, 0, 0, 0, 0, 28)

Best-First (H1:SumDiff) (7 steps):
  0: (0, 0, 0, 0, 0, 0)
  1: (0, 0, 0, 0, 0, 29)
  2: (3, 0, 0, 0, 0, 29)
  3: (0, 3, 0, 0, 0, 29)
  4: (3, 3, 0, 0, 0, 29)
  5: (0, 6, 0, 0, 0, 29)
  6: (0, 7, 0, 0, 0, 28)
  7: (0, 0, 0, 0, 0, 28)

Best-First (H2:WrongCount) (12 steps):
  0: (0, 0, 0, 0, 0, 0)
  1: (0, 7, 0, 0, 0, 0)
  2: (0, 0, 0, 0, 0, 7)
  3: (3, 0, 0, 0, 0, 4)
  4: (0, 0, 0, 0, 0, 4)
  5: (3, 0, 0, 0, 0, 1)
  6: (0, 0, 0, 0, 0, 1)
  7: (0, 7, 0, 0, 0, 1)
  8: (0, 0, 0, 0, 0, 8)
  9: (3, 0, 0, 0, 0, 5)
  10: (0, 0, 0, 0, 0, 5)
  11: (0, 0, 0, 0, 23, 5)
  12: (0, 0, 0, 0, 0, 28)

Best-First (H3:MaxDiff) (7 steps):
  0: (0, 0, 0, 0, 0, 0)
  1: (0, 0, 0, 0, 0, 29)
  2: (0, 7, 0, 0, 0, 22)
  3: (0, 0, 0, 0, 0, 22)
  4: (3, 0, 0, 0, 0, 22)
  5: (0, 0, 0, 0, 0, 25)
  6: (3, 0, 0, 0, 0, 25)
  7: (0, 0, 0, 0, 0, 28)

A* (H1:SumDiff) (7 steps):
  0: (0, 0, 0, 0, 0, 0)
  1: (0, 0, 0, 0, 0, 29)
  2: (3, 0, 0, 0, 0, 29)
  3: (0, 3, 0, 0, 0, 29)
  4: (3, 3, 0, 0, 0, 29)
  5: (0, 6, 0, 0, 0, 29)
  6: (0, 7, 0, 0, 0, 28)
  7: (0, 0, 0, 0, 0, 28)

A* (H2:WrongCount) (7 steps):
  0: (0, 0, 0, 0, 0, 0)
  1: (0, 0, 0, 0, 0, 29)
  2: (0, 0, 0, 0, 23, 6)
  3: (0, 0, 0, 0, 0, 6)
  4: (0, 6, 0, 0, 0, 0)
  5: (0, 6, 0, 0, 0, 29)
  6: (0, 7, 0, 0, 0, 28)
  7: (0, 0, 0, 0, 0, 28)

A* (H3:MaxDiff) (7 steps):
  0: (0, 0, 0, 0, 0, 0)
  1: (0, 0, 0, 0, 0, 29)
  2: (0, 7, 0, 0, 0, 22)
  3: (3, 4, 0, 0, 0, 22)
  4: (0, 4, 0, 0, 0, 25)
  5: (3, 1, 0, 0, 0, 25)
  6: (0, 1, 0, 0, 0, 28)
  7: (0, 0, 0, 0, 0, 28)


========== instances\3_7_13_19_23_29_b.buck ==========
Cap: (3, 7, 13, 19, 23, 29)  Goal: (0, 0, 0, 0, 11, 28)

Algorithm                            Path   Visited   MaxOpen          ms
-------------------------------------------------------------------------
DFS                                  4404   4800645   3261950     19836.8
BFS                                     8     69133     95828       112.0
Best-First (H1:SumDiff)                16        71       768         0.4
Best-First (H2:WrongCount)             28       228      2025         0.5
Best-First (H3:MaxDiff)                34      5851     51625        19.1
A* (H1:SumDiff)                        14       197      2153         1.0
A* (H2:WrongCount)                      8      2532     10485         5.6
A* (H3:MaxDiff)                         9        55       687         0.5

BFS (8 steps):
  0: (0, 0, 0, 0, 0, 0)
  1: (3, 0, 0, 0, 0, 0)
  2: (3, 7, 0, 0, 0, 0)
  3: (3, 7, 0, 0, 0, 29)
  4: (0, 7, 0, 0, 3, 29)
  5: (0, 0, 0, 7, 3, 29)
  6: (0, 0, 0, 7, 23, 9)
  7: (0, 0, 0, 19, 11, 9)
  8: (0, 0, 0, 0, 11, 28)

Best-First (H1:SumDiff) (16 steps):
  0: (0, 0, 0, 0, 0, 0)
  1: (0, 0, 0, 0, 0, 29)
  2: (0, 0, 0, 0, 23, 29)
  3: (0, 7, 0, 0, 16, 29)
  4: (0, 0, 0, 0, 16, 29)
  5: (3, 0, 0, 0, 13, 29)
  6: (0, 0, 0, 0, 13, 29)
  7: (3, 0, 0, 0, 10, 29)
  8: (0, 3, 0, 0, 10, 29)
  9: (3, 3, 0, 0, 10, 29)
  10: (0, 6, 0, 0, 10, 29)
  11: (0, 7, 0, 0, 10, 28)
  12: (0, 0, 0, 0, 17, 28)
  13: (3, 0, 0, 0, 14, 28)
  14: (0, 0, 0, 0, 14, 28)
  15: (3, 0, 0, 0, 11, 28)
  16: (0, 0, 0, 0, 11, 28)

Best-First (H2:WrongCount) (28 steps):
  0: (0, 0, 0, 0, 0, 0)
  1: (0, 0, 0, 0, 0, 29)
  2: (0, 0, 0, 0, 23, 6)
  3: (0, 0, 0, 0, 0, 6)
  4: (0, 0, 0, 0, 6, 0)
  5: (0, 0, 0, 0, 6, 29)
  6: (0, 0, 0, 0, 23, 12)
  7: (0, 0, 0, 0, 0, 12)
  8: (0, 0, 0, 0, 12, 0)
  9: (0, 0, 0, 0, 12, 29)
  10: (0, 0, 0, 0, 23, 18)
  11: (0, 0, 0, 0, 0, 18)
  12: (0, 0, 0, 0, 18, 0)
  13: (0, 7, 0, 0, 11, 0)
  14: (0, 0, 0, 0, 11, 7)
  15: (3, 0, 0, 0, 11, 4)
  16: (0, 0, 0, 0, 11, 4)
  17: (3, 0, 0, 0, 11, 1)
  18: (0, 0, 0, 0, 11, 1)
  19: (0, 7, 0, 0, 11, 1)
  20: (0, 0, 0, 0, 11, 8)
  21: (3, 0, 0, 0, 11, 5)
  22: (0, 0, 0, 0, 11, 5)
  23: (3, 0, 0, 0, 11, 2)
  24: (0, 0, 0, 0, 11, 2)
  25: (0, 7, 0, 0, 11, 2)
  26: (0, 0, 0, 0, 11, 9)
  27: (0, 0, 0, 19, 11, 9)
  28: (0, 0, 0, 0, 11, 28)

A* (H1:SumDiff) (14 steps):
  0: (0, 0, 0, 0, 0, 0)
  1: (0, 0, 0, 0, 0, 29)
  2: (0, 0, 0, 0, 23, 29)
  3: (0, 7, 0, 0, 16, 29)
  4: (0, 0, 0, 0, 16, 29)
  5: (3, 0, 0, 0, 13, 29)
  6: (0, 3, 0, 0, 13, 29)
  7: (3, 3, 0, 0, 10, 29)
  8: (0, 6, 0, 0, 10, 29)
  9: (0, 7, 0, 0, 10, 28)
  10: (0, 0, 0, 0, 17, 28)
  11: (3, 0, 0, 0, 14, 28)
  12: (0, 0, 0, 0, 14, 28)
  13: (3, 0, 0, 0, 11, 28)
  14: (0, 0, 0, 0, 11, 28)

A* (H2:WrongCount) (8 steps):
  0: (0, 0, 0, 0, 0, 0)
  1: (0, 0, 0, 0, 0, 29)
  2: (0, 7, 0, 0, 0, 22)
  3: (0, 7, 0, 0, 22, 0)
  4: (0, 7, 0, 0, 22, 29)
  5: (0, 7, 0, 0, 23, 28)
  6: (0, 0, 0, 7, 23, 28)
  7: (0, 0, 0, 19, 11, 28)
  8: (0, 0, 0, 0, 11, 28)

A* (H3:MaxDiff) (9 steps):
  0: (0, 0, 0, 0, 0, 0)
  1: (0, 0, 0, 0, 0, 29)
  2: (0, 7, 0, 0, 0, 22)
  3: (0, 0, 0, 0, 7, 22)
  4: (0, 7, 0, 0, 7, 22)
  5: (3, 4, 0, 0, 7, 22)
  6: (0, 4, 0, 0, 7, 25)
  7: (0, 0, 0, 0, 11, 25)
  8: (3, 0, 0, 0, 11, 25)
  9: (0, 0, 0, 0, 11, 28)


========== instances\3_7_13_19_23_29_c.buck ==========
Cap: (3, 7, 13, 19, 23, 29)  Goal: (2, 0, 0, 0, 0, 28)

Algorithm                            Path   Visited   MaxOpen          ms
-------------------------------------------------------------------------
DFS                                  3093   4815381   3261950     20490.1
BFS                                    10    483272    386722      1411.9
Best-First (H1:SumDiff)                14        83       707         0.4
Best-First (H2:WrongCount)             32       176      1563         0.4
Best-First (H3:MaxDiff)                20     13259     60430        34.3
A* (H1:SumDiff)                        13       613      4568         2.6
A* (H2:WrongCount)                     10     28350     74126        84.1
A* (H3:MaxDiff)                        14      2136     12447         6.3

BFS (10 steps):
  0: (0, 0, 0, 0, 0, 0)
  1: (0, 7, 0, 0, 0, 0)
  2: (0, 7, 0, 0, 23, 0)
  3: (0, 0, 0, 7, 23, 0)
  4: (0, 7, 0, 7, 16, 0)
  5: (0, 0, 0, 14, 16, 0)
  6: (0, 7, 0, 14, 9, 0)
  7: (0, 2, 0, 19, 9, 0)
  8: (2, 0, 0, 19, 9, 0)
  9: (2, 0, 0, 0, 9, 19)
  10: (2, 0, 0, 0, 0, 28)

Best-First (H1:SumDiff) (14 steps):
  0: (0, 0, 0, 0, 0, 0)
  1: (0, 0, 0, 0, 0, 29)
  2: (3, 0, 0, 0, 0, 29)
  3: (0, 3, 0, 0, 0, 29)
  4: (3, 3, 0, 0, 0, 29)
  5: (0, 6, 0, 0, 0, 29)
  6: (3, 6, 0, 0, 0, 29)
  7: (3, 7, 0, 0, 0, 28)
  8: (3, 0, 0, 0, 0, 28)
  9: (0, 3, 0, 0, 0, 28)
  10: (3, 3, 0, 0, 0, 28)
  11: (0, 6, 0, 0, 0, 28)
  12: (3, 6, 0, 0, 0, 28)
  13: (2, 7, 0, 0, 0, 28)
  14: (2, 0, 0, 0, 0, 28)

Best-First (H3:MaxDiff) (20 steps):
  0: (0, 0, 0, 0, 0, 0)
  1: (0, 0, 0, 0, 0, 29)
  2: (0, 7, 0, 0, 0, 22)
  3: (3, 4, 0, 0, 0, 22)
  4: (0, 4, 0, 0, 0, 25)
  5: (3, 1, 0, 0, 0, 25)
  6: (0, 1, 0, 0, 0, 28)
  7: (3, 1, 0, 0, 0, 28)
  8: (3, 0, 1, 0, 0, 28)
  9: (2, 0, 1, 0, 0, 29)
  10: (0, 2, 1, 0, 0, 29)
  11: (3, 2, 1, 0, 0, 26)
  12: (0, 2, 1, 0, 0, 26)
  13: (1, 2, 0, 0, 0, 26)
  14: (3, 2, 0, 0, 0, 24)
  15: (0, 2, 0, 0, 0, 24)
  16: (3, 2, 0, 0, 0, 21)
  17: (0, 2, 0, 0, 0, 21)
  18: (2, 0, 0, 0, 0, 21)
  19: (2, 7, 0, 0, 0, 21)
  20: (2, 0, 0, 0, 0, 28)

A* (H1:SumDiff) (13 steps):
  0: (0, 0, 0, 0, 0, 0)
  1: (0, 0, 0, 0, 0, 29)
  2: (0, 7, 0, 0, 0, 22)
  3: (3, 4, 0, 0, 0, 22)
  4: (0, 4, 0, 0, 0, 25)
  5: (3, 1, 0, 0, 0, 25)
  6: (0, 1, 0, 0, 0, 28)
  7: (1, 0, 0, 0, 0, 28)
  8: (1, 7, 0, 0, 0, 28)
  9: (3, 5, 0, 0, 0, 28)
  10: (0, 5, 0, 0, 0, 28)
  11: (3, 2, 0, 0, 0, 28)
  12: (0, 2, 0, 0, 0, 28)
  13: (2, 0, 0, 0, 0, 28)

A* (H2:WrongCount) (10 steps):
  0: (0, 0, 0, 0, 0, 0)
  1: (0, 0, 0, 0, 23, 0)
  2: (0, 7, 0, 0, 16, 0)
  3: (0, 0, 0, 0, 16, 7)
  4: (0, 7, 0, 0, 9, 7)
  5: (0, 0, 0, 0, 9, 14)
  6: (0, 7, 0, 0, 2, 14)
  7: (2, 7, 0, 0, 0, 14)
  8: (2, 0, 0, 0, 0, 21)
  9: (2, 7, 0, 0, 0, 21)
  10: (2, 0, 0, 0, 0, 28)

A* (H3:MaxDiff) (14 steps):
  0: (0, 0, 0, 0, 0, 0)
  1: (0, 0, 0, 0, 0, 29)
  2: (0, 7, 0, 0, 0, 29)
  3: (3, 4, 0, 0, 0, 29)
  4: (0, 4, 0, 0, 0, 29)
  5: (0, 0, 4, 0, 0, 29)
  6: (0, 7, 4, 0, 0, 22)
  7: (3, 4, 4, 0, 0, 22)
  8: (0, 4, 4, 0, 0, 25)
  9: (3, 4, 1, 0, 0, 25)
  10: (0, 4, 1, 0, 0, 25)
  11: (3, 1, 1, 0, 0, 25)
  12: (0, 1, 1, 0, 0, 28)
  13: (1, 1, 0, 0, 0, 28)
  14: (2, 0, 0, 0, 0, 28)


========== instances\3_7_13_19_23_29_d.buck ==========
Cap: (3, 7, 13, 19, 23, 29)  Goal: (2, 0, 11, 0, 0, 28)

Algorithm                            Path   Visited   MaxOpen          ms
-------------------------------------------------------------------------
DFS                                 64188   4343898   3261950     18412.7
BFS                                    12   1573918    698746      5274.6
Best-First (H1:SumDiff)                20       587      5363         1.7
Best-First (H2:WrongCount)             51       230      2718         0.8
Best-First (H3:MaxDiff)                57     30864    132674        95.2
A* (H1:SumDiff)                        15      2186     17727         8.3
A* (H2:WrongCount)                     12    127900    255740       606.8
A* (H3:MaxDiff)                        16     12277     67817        59.0

BFS (12 steps):
  0: (0, 0, 0, 0, 0, 0)
  1: (0, 0, 0, 19, 0, 0)
  2: (0, 0, 0, 19, 0, 29)
  3: (0, 0, 13, 6, 0, 29)
  4: (0, 7, 6, 6, 0, 29)
  5: (0, 0, 6, 6, 0, 29)
  6: (0, 6, 0, 6, 0, 29)
  7: (0, 7, 0, 6, 0, 28)
  8: (3, 4, 0, 6, 0, 28)
  9: (3, 0, 4, 6, 0, 28)
  10: (3, 6, 4, 0, 0, 28)
  11: (2, 7, 4, 0, 0, 28)
  12: (2, 0, 11, 0, 0, 28)

Best-First (H1:SumDiff) (20 steps):
  0: (0, 0, 0, 0, 0, 0)
  1: (0, 0, 0, 0, 0, 29)
  2: (0, 0, 13, 0, 0, 29)
  3: (3, 0, 10, 0, 0, 29)
  4: (0, 3, 10, 0, 0, 29)
  5: (3, 3, 10, 0, 0, 29)
  6: (0, 6, 10, 0, 0, 29)
  7: (3, 6, 10, 0, 0, 29)
  8: (3, 7, 10, 0, 0, 28)
  9: (3, 4, 13, 0, 0, 28)
  10: (0, 4, 13, 0, 0, 28)
  11: (3, 1, 13, 0, 0, 28)
  12: (0, 1, 13, 0, 0, 28)
  13: (3, 1, 10, 0, 0, 28)
  14: (3, 0, 11, 0, 0, 28)
  15: (0, 3, 11, 0, 0, 28)
  16: (3, 3, 11, 0, 0, 28)
  17: (0, 6, 11, 0, 0, 28)
  18: (3, 6, 11, 0, 0, 28)
  19: (2, 7, 11, 0, 0, 28)
  20: (2, 0, 11, 0, 0, 28)

A* (H1:SumDiff) (15 steps):
  0: (0, 0, 0, 0, 0, 0)
  1: (0, 0, 0, 0, 0, 29)
  2: (0, 0, 13, 0, 0, 29)
  3: (3, 0, 10, 0, 0, 29)
  4: (0, 3, 10, 0, 0, 29)
  5: (0, 7, 10, 0, 0, 25)
  6: (3, 4, 10, 0, 0, 25)
  7: (0, 4, 10, 0, 0, 28)
  8: (3, 1, 10, 0, 0, 28)
  9: (3, 0, 11, 0, 0, 28)
  10: (0, 3, 11, 0, 0, 28)
  11: (3, 3, 11, 0, 0, 28)
  12: (0, 6, 11, 0, 0, 28)
  13: (3, 6, 11, 0, 0, 28)
  14: (2, 7, 11, 0, 0, 28)
  15: (2, 0, 11, 0, 0, 28)

A* (H2:WrongCount) (12 steps):
  0: (0, 0, 0, 0, 0, 0)
  1: (0, 0, 0, 0, 0, 29)
  2: (0, 7, 0, 0, 0, 22)
  3: (0, 0, 0, 0, 0, 22)
  4: (0, 0, 0, 19, 0, 22)
  5: (0, 0, 13, 6, 0, 22)
  6: (0, 7, 13, 6, 0, 15)
  7: (0, 7, 0, 6, 0, 28)
  8: (0, 0, 7, 6, 0, 28)
  9: (0, 6, 7, 0, 0, 28)
  10: (3, 6, 4, 0, 0, 28)
  11: (2, 7, 4, 0, 0, 28)
  12: (2, 0, 11, 0, 0, 28)

A* (H3:MaxDiff) (16 steps):
  0: (0, 0, 0, 0, 0, 0)
  1: (0, 0, 0, 0, 0, 29)
  2: (0, 0, 13, 0, 0, 29)
  3: (0, 7, 6, 0, 0, 29)
  4: (0, 7, 0, 6, 0, 29)
  5: (0, 0, 7, 6, 0, 29)
  6: (0, 7, 7, 6, 0, 22)
  7: (3, 4, 7, 6, 0, 22)
  8: (3, 0, 11, 6, 0, 22)
  9: (0, 3, 11, 6, 0, 22)
  10: (0, 7, 11, 2, 0, 22)
  11: (3, 4, 11, 2, 0, 22)
  12: (0, 4, 11, 2, 0, 25)
  13: (3, 1, 11, 2, 0, 25)
  14: (0, 1, 11, 2, 0, 28)
  15: (2, 1, 11, 0, 0, 28)
  16: (2, 0, 11, 0, 0, 28)


========== instances\3_7_13_19_23_29_e.buck ==========
Cap: (3, 7, 13, 19, 23, 29)  Goal: (2, 0, 11, 17, 0, 28)

Algorithm                            Path   Visited   MaxOpen          ms
-------------------------------------------------------------------------
DFS                                310544    317213   1616089      1770.2
BFS                                    14   3117263    737270     23800.5
Best-First (H1:SumDiff)                40      2410     20579         8.9
Best-First (H2:WrongCount)             62       286      3918         1.2
Best-First (H3:MaxDiff)                67     60022    226077       220.3
A* (H1:SumDiff)                        21      5875     45812        25.9
A* (H2:WrongCount)                     14    467655    615025      2393.4
A* (H3:MaxDiff)                        19     59625    274429       415.2

BFS (14 steps):
  0: (0, 0, 0, 0, 0, 0)
  1: (0, 0, 0, 0, 0, 29)
  2: (0, 7, 0, 0, 0, 22)
  3: (3, 4, 0, 0, 0, 22)
  4: (3, 0, 4, 0, 0, 22)
  5: (0, 3, 4, 0, 0, 22)
  6: (0, 3, 4, 0, 22, 0)
  7: (0, 3, 4, 0, 22, 29)
  8: (0, 3, 4, 0, 23, 28)
  9: (3, 3, 4, 0, 20, 28)
  10: (0, 6, 4, 0, 20, 28)
  11: (3, 6, 4, 0, 17, 28)
  12: (2, 7, 4, 0, 17, 28)
  13: (2, 0, 11, 0, 17, 28)
  14: (2, 0, 11, 17, 0, 28)

A* (H1:SumDiff) (21 steps):
  0: (0, 0, 0, 0, 0, 0)
  1: (0, 0, 0, 0, 0, 29)
  2: (0, 0, 0, 19, 0, 29)
  3: (0, 0, 13, 19, 0, 29)
  4: (3, 0, 13, 16, 0, 29)
  5: (0, 3, 13, 16, 0, 29)
  6: (0, 7, 13, 16, 0, 25)
  7: (3, 4, 13, 16, 0, 25)
  8: (0, 4, 13, 16, 0, 28)
  9: (3, 1, 13, 16, 0, 28)
  10: (3, 0, 13, 17, 0, 28)
  11: (0, 3, 13, 17, 0, 28)
  12: (0, 7, 9, 17, 0, 28)
  13: (3, 4, 9, 17, 0, 28)
  14: (0, 4, 12, 17, 0, 28)
  15: (3, 1, 12, 17, 0, 28)
  16: (0, 1, 12, 17, 3, 28)
  17: (1, 0, 12, 17, 3, 28)
  18: (1, 0, 13, 17, 2, 28)
  19: (3, 0, 11, 17, 2, 28)
  20: (0, 0, 11, 17, 2, 28)
  21: (2, 0, 11, 17, 0, 28)

A* (H2:WrongCount) (14 steps):
  0: (0, 0, 0, 0, 0, 0)
  1: (0, 0, 0, 0, 0, 29)
  2: (0, 7, 0, 0, 0, 22)
  3: (0, 7, 0, 0, 22, 0)
  4: (0, 7, 0, 0, 22, 29)
  5: (0, 7, 0, 0, 23, 28)
  6: (0, 0, 7, 0, 23, 28)
  7: (3, 0, 7, 0, 20, 28)
  8: (0, 3, 7, 0, 20, 28)
  9: (3, 3, 7, 0, 17, 28)
  10: (3, 3, 7, 17, 0, 28)
  11: (0, 6, 7, 17, 0, 28)
  12: (3, 6, 4, 17, 0, 28)
  13: (2, 7, 4, 17, 0, 28)
  14: (2, 0, 11, 17, 0, 28)

A* (H3:MaxDiff) (19 steps):
  0: (0, 0, 0, 0, 0, 0)
  1: (0, 0, 0, 0, 0, 29)
  2: (0, 0, 0, 19, 0, 29)
  3: (0, 0, 13, 19, 0, 29)
  4: (0, 7, 6, 19, 0, 29)
  5: (0, 7, 0, 19, 6, 29)
  6: (0, 0, 7, 19, 6, 29)
  7: (0, 7, 7, 19, 6, 22)
  8: (3, 4, 7, 19, 6, 22)
  9: (3, 0, 11, 19, 6, 22)
  10: (0, 3, 11, 19, 6, 22)
  11: (0, 7, 11, 19, 2, 22)
  12: (3, 4, 11, 19, 2, 22)
  13: (0, 4, 11, 19, 2, 25)
  14: (3, 1, 11, 19, 2, 25)
  15: (0, 1, 11, 19, 2, 28)
  16: (3, 1, 11, 16, 2, 28)
  17: (0, 1, 11, 16, 2, 28)
  18: (2, 1, 11, 16, 0, 28)
  19: (2, 0, 11, 17, 0, 28)


========== instances\6_10_15_a.buck ==========
Cap: (6, 10, 15)  Goal: (1, 0, 0)

Algorithm                            Path   Visited   MaxOpen          ms
-------------------------------------------------------------------------
DFS                                     9       569       255         0.5
BFS                                     5        75        51         0.1
Best-First (H1:SumDiff)                 5        84        62         0.1
Best-First (H2:WrongCount)              5        30        44         0.0
Best-First (H3:MaxDiff)                13       162        82         0.1
A* (H1:SumDiff)                         9        57        71         0.3
A* (H2:WrongCount)                      5        25        40         0.3
A* (H3:MaxDiff)                        12       160       129         0.2

DFS (9 steps):
  0: (0, 0, 0)
  1: (0, 0, 15)
  2: (0, 10, 5)
  3: (5, 10, 0)
  4: (5, 0, 10)
  5: (0, 5, 10)
  6: (6, 5, 4)
  7: (1, 10, 4)
  8: (1, 0, 14)
  9: (1, 0, 0)

BFS (5 steps):
  0: (0, 0, 0)
  1: (6, 0, 0)
  2: (6, 10, 0)
  3: (6, 0, 10)
  4: (1, 0, 15)
  5: (1, 0, 0)

Best-First (H1:SumDiff) (5 steps):
  0: (0, 0, 0)
  1: (0, 10, 0)
  2: (0, 0, 10)
  3: (6, 0, 10)
  4: (1, 0, 15)
  5: (1, 0, 0)

Best-First (H2:WrongCount) (5 steps):
  0: (0, 0, 0)
  1: (6, 0, 0)
  2: (6, 10, 0)
  3: (6, 0, 10)
  4: (1, 0, 15)
  5: (1, 0, 0)

Best-First (H3:MaxDiff) (13 steps):
  0: (0, 0, 0)
  1: (0, 0, 15)
  2: (6, 0, 9)
  3: (6, 9, 0)
  4: (0, 9, 0)
  5: (6, 3, 0)
  6: (0, 3, 0)
  7: (3, 0, 0)
  8: (3, 10, 0)
  9: (6, 7, 0)
  10: (0, 7, 0)
  11: (6, 1, 0)
  12: (0, 1, 0)
  13: (1, 0, 0)

A* (H1:SumDiff) (9 steps):
  0: (0, 0, 0)
  1: (0, 0, 15)
  2: (6, 0, 9)
  3: (6, 9, 0)
  4: (5, 10, 0)
  5: (5, 0, 0)
  6: (0, 5, 0)
  7: (6, 5, 0)
  8: (1, 10, 0)
  9: (1, 0, 0)

A* (H2:WrongCount) (5 steps):
  0: (0, 0, 0)
  1: (6, 0, 0)
  2: (6, 10, 0)
  3: (6, 0, 10)
  4: (1, 0, 15)
  5: (1, 0, 0)

A* (H3:MaxDiff) (12 steps):
  0: (0, 0, 0)
  1: (0, 0, 15)
  2: (6, 0, 9)
  3: (0, 0, 9)
  4: (0, 10, 9)
  5: (6, 4, 9)
  6: (0, 4, 9)
  7: (6, 4, 3)
  8: (0, 4, 3)
  9: (3, 4, 0)
  10: (6, 1, 0)
  11: (0, 1, 0)
  12: (1, 0, 0)


========== instances\6_10_15_b.buck ==========
Cap: (6, 10, 15)  Goal: (0, 1, 0)

Algorithm                            Path   Visited   MaxOpen          ms
-------------------------------------------------------------------------
DFS                                    10       565       255         0.9
BFS                                     5        69        50         0.1
Best-First (H1:SumDiff)                 5        86        61         0.1
Best-First (H2:WrongCount)              5        28        42         0.0
Best-First (H3:MaxDiff)                 8       175        90         0.1
A* (H1:SumDiff)                         8        48        60         0.5
A* (H2:WrongCount)                      5        27        41         0.1
A* (H3:MaxDiff)                         8       155       116         0.2

DFS (10 steps):
  0: (0, 0, 0)
  1: (0, 0, 15)
  2: (0, 10, 5)
  3: (5, 10, 0)
  4: (5, 0, 10)
  5: (0, 5, 10)
  6: (6, 5, 4)
  7: (1, 10, 4)
  8: (1, 0, 14)
  9: (0, 1, 14)
  10: (0, 1, 0)

BFS (5 steps):
  0: (0, 0, 0)
  1: (6, 0, 0)
  2: (6, 10, 0)
  3: (0, 10, 6)
  4: (0, 1, 15)
  5: (0, 1, 0)

Best-First (H1:SumDiff) (5 steps):
  0: (0, 0, 0)
  1: (6, 0, 0)
  2: (0, 0, 6)
  3: (0, 10, 6)
  4: (0, 1, 15)
  5: (0, 1, 0)

Best-First (H2:WrongCount) (5 steps):
  0: (0, 0, 0)
  1: (0, 10, 0)
  2: (6, 10, 0)
  3: (0, 10, 6)
  4: (0, 1, 15)
  5: (0, 1, 0)

Best-First (H3:MaxDiff) (8 steps):
  0: (0, 0, 0)
  1: (0, 0, 15)
  2: (0, 10, 5)
  3: (0, 0, 5)
  4: (0, 5, 0)
  5: (6, 5, 0)
  6: (1, 10, 0)
  7: (1, 0, 0)
  8: (0, 1, 0)

A* (H1:SumDiff) (8 steps):
  0: (0, 0, 0)
  1: (0, 0, 15)
  2: (0, 10, 5)
  3: (0, 0, 5)
  4: (0, 5, 0)
  5: (6, 5, 0)
  6: (1, 10, 0)
  7: (1, 0, 0)
  8: (0, 1, 0)

A* (H2:WrongCount) (5 steps):
  0: (0, 0, 0)
  1: (0, 10, 0)
  2: (6, 10, 0)
  3: (0, 10, 6)
  4: (0, 1, 15)
  5: (0, 1, 0)

A* (H3:MaxDiff) (8 steps):
  0: (0, 0, 0)
  1: (0, 0, 15)
  2: (0, 10, 5)
  3: (0, 0, 5)
  4: (0, 5, 0)
  5: (6, 5, 0)
  6: (1, 10, 0)
  7: (1, 0, 0)
  8: (0, 1, 0)


========== instances\6_10_15_c.buck ==========
Cap: (6, 10, 15)  Goal: (0, 7, 0)

Algorithm                            Path   Visited   MaxOpen          ms
-------------------------------------------------------------------------
DFS                                    12       555       255         0.4
BFS                                     7       185        97         0.1
Best-First (H1:SumDiff)                18        91        71         0.1
Best-First (H2:WrongCount)              9        34        49         0.0
Best-First (H3:MaxDiff)                11       157        85         0.1
A* (H1:SumDiff)                        11        86       115         0.5
A* (H2:WrongCount)                      7        85        71         0.4
A* (H3:MaxDiff)                         9       159       136         0.5

DFS (12 steps):
  0: (0, 0, 0)
  1: (0, 0, 15)
  2: (0, 10, 5)
  3: (5, 10, 0)
  4: (5, 0, 10)
  5: (0, 5, 10)
  6: (6, 5, 4)
  7: (1, 10, 4)
  8: (1, 0, 14)
  9: (0, 1, 14)
  10: (6, 1, 8)
  11: (0, 7, 8)
  12: (0, 7, 0)

BFS (7 steps):
  0: (0, 0, 0)
  1: (6, 0, 0)
  2: (6, 10, 0)
  3: (0, 10, 6)
  4: (6, 10, 6)
  5: (0, 10, 12)
  6: (0, 7, 15)
  7: (0, 7, 0)

Best-First (H1:SumDiff) (18 steps):
  0: (0, 0, 0)
  1: (0, 10, 0)
  2: (6, 4, 0)
  3: (0, 4, 0)
  4: (4, 0, 0)
  5: (4, 10, 0)
  6: (6, 8, 0)
  7: (0, 8, 0)
  8: (6, 2, 0)
  9: (0, 2, 0)
  10: (2, 0, 0)
  11: (2, 10, 0)
  12: (6, 6, 0)
  13: (0, 6, 6)
  14: (6, 6, 6)
  15: (0, 6, 12)
  16: (0, 10, 12)
  17: (0, 7, 15)
  18: (0, 7, 0)

Best-First (H2:WrongCount) (9 steps):
  0: (0, 0, 0)
  1: (6, 0, 0)
  2: (0, 6, 0)
  3: (6, 6, 0)
  4: (2, 10, 0)
  5: (0, 10, 2)
  6: (0, 0, 12)
  7: (0, 10, 12)
  8: (0, 7, 15)
  9: (0, 7, 0)

Best-First (H3:MaxDiff) (11 steps):
  0: (0, 0, 0)
  1: (0, 0, 15)
  2: (0, 10, 5)
  3: (5, 10, 0)
  4: (6, 9, 0)
  5: (0, 9, 0)
  6: (6, 3, 0)
  7: (0, 3, 0)
  8: (3, 0, 0)
  9: (3, 10, 0)
  10: (6, 7, 0)
  11: (0, 7, 0)

A* (H1:SumDiff) (11 steps):
  0: (0, 0, 0)
  1: (6, 0, 0)
  2: (0, 6, 0)
  3: (0, 6, 15)
  4: (6, 6, 9)
  5: (0, 6, 9)
  6: (6, 6, 3)
  7: (0, 6, 3)
  8: (3, 6, 0)
  9: (3, 10, 0)
  10: (6, 7, 0)
  11: (0, 7, 0)

A* (H2:WrongCount) (7 steps):
  0: (0, 0, 0)
  1: (6, 0, 0)
  2: (0, 0, 6)
  3: (6, 0, 6)
  4: (0, 0, 12)
  5: (0, 10, 12)
  6: (0, 7, 15)
  7: (0, 7, 0)

A* (H3:MaxDiff) (9 steps):
  0: (0, 0, 0)
  1: (0, 0, 15)
  2: (6, 0, 9)
  3: (0, 0, 9)
  4: (6, 0, 3)
  5: (0, 6, 3)
  6: (0, 10, 3)
  7: (6, 4, 3)
  8: (0, 4, 3)
  9: (0, 7, 0)


========== instances\6_10_15_d.buck ==========
Cap: (6, 10, 15)  Goal: (0, 0, 7)

Algorithm                            Path   Visited   MaxOpen          ms
-------------------------------------------------------------------------
DFS                                    54       460       255         0.4
BFS                                     8       282       108         0.1
Best-First (H1:SumDiff)                19        66        92         0.1
Best-First (H2:WrongCount)              9        26        38         0.0
Best-First (H3:MaxDiff)                 8        84        71         0.1
A* (H1:SumDiff)                         9        62        87         0.4
A* (H2:WrongCount)                      8       153        96         0.4
A* (H3:MaxDiff)                         8        92        87         0.4

BFS (8 steps):
  0: (0, 0, 0)
  1: (6, 0, 0)
  2: (6, 10, 0)
  3: (0, 10, 6)
  4: (6, 10, 6)
  5: (0, 10, 12)
  6: (0, 7, 15)
  7: (0, 7, 0)
  8: (0, 0, 7)

Best-First (H1:SumDiff) (19 steps):
  0: (0, 0, 0)
  1: (0, 0, 15)
  2: (6, 0, 9)
  3: (0, 0, 9)
  4: (6, 0, 3)
  5: (0, 0, 3)
  6: (3, 0, 0)
  7: (3, 0, 15)
  8: (6, 0, 12)
  9: (0, 6, 12)
  10: (0, 10, 8)
  11: (0, 0, 8)
  12: (6, 0, 2)
  13: (0, 0, 2)
  14: (2, 0, 0)
  15: (2, 0, 15)
  16: (6, 0, 11)
  17: (0, 6, 11)
  18: (0, 10, 7)
  19: (0, 0, 7)

Best-First (H2:WrongCount) (9 steps):
  0: (0, 0, 0)
  1: (0, 0, 15)
  2: (0, 10, 5)
  3: (0, 0, 5)
  4: (6, 0, 5)
  5: (0, 0, 11)
  6: (0, 10, 1)
  7: (0, 0, 1)
  8: (6, 0, 1)
  9: (0, 0, 7)

Best-First (H3:MaxDiff) (8 steps):
  0: (0, 0, 0)
  1: (0, 10, 0)
  2: (0, 0, 10)
  3: (6, 0, 10)
  4: (1, 0, 15)
  5: (1, 0, 0)
  6: (0, 0, 1)
  7: (6, 0, 1)
  8: (0, 0, 7)

A* (H1:SumDiff) (9 steps):
  0: (0, 0, 0)
  1: (0, 0, 15)
  2: (6, 0, 9)
  3: (0, 0, 9)
  4: (0, 10, 9)
  5: (6, 4, 9)
  6: (0, 4, 9)
  7: (4, 0, 9)
  8: (6, 0, 7)
  9: (0, 0, 7)

A* (H2:WrongCount) (8 steps):
  0: (0, 0, 0)
  1: (6, 0, 0)
  2: (0, 0, 6)
  3: (0, 10, 6)
  4: (0, 1, 15)
  5: (6, 1, 9)
  6: (0, 7, 9)
  7: (0, 7, 0)
  8: (0, 0, 7)

A* (H3:MaxDiff) (8 steps):
  0: (0, 0, 0)
  1: (0, 10, 0)
  2: (0, 0, 10)
  3: (6, 0, 10)
  4: (1, 0, 15)
  5: (1, 0, 0)
  6: (0, 0, 1)
  7: (6, 0, 1)
  8: (0, 0, 7)


========== instances\6_10_15_e.buck ==========
Cap: (6, 10, 15)  Goal: (0, 0, 13)

Algorithm                            Path   Visited   MaxOpen          ms
-------------------------------------------------------------------------
DFS                                    28       511       255         0.7
BFS                                     7       229       105         0.1
Best-First (H1:SumDiff)                12        17        36         0.0
Best-First (H2:WrongCount)             11        43        59         0.0
Best-First (H3:MaxDiff)                 7        15        25         0.0
A* (H1:SumDiff)                         7        13        25         0.2
A* (H2:WrongCount)                      7        86        71         0.1
A* (H3:MaxDiff)                         8        27        46         0.1

DFS (28 steps):
  0: (0, 0, 0)
  1: (0, 0, 15)
  2: (0, 10, 5)
  3: (5, 10, 0)
  4: (5, 0, 10)
  5: (0, 5, 10)
  6: (6, 5, 4)
  7: (1, 10, 4)
  8: (1, 0, 14)
  9: (0, 1, 14)
  10: (6, 1, 8)
  11: (0, 7, 8)
  12: (6, 7, 2)
  13: (3, 10, 2)
  14: (3, 0, 12)
  15: (0, 3, 12)
  16: (6, 3, 6)
  17: (0, 9, 6)
  18: (0, 9, 0)
  19: (0, 0, 9)
  20: (6, 0, 3)
  21: (0, 6, 3)
  22: (3, 6, 0)
  23: (3, 0, 6)
  24: (3, 10, 6)
  25: (3, 1, 15)
  26: (6, 1, 12)
  27: (6, 0, 13)
  28: (0, 0, 13)

BFS (7 steps):
  0: (0, 0, 0)
  1: (0, 10, 0)
  2: (0, 10, 15)
  3: (6, 4, 15)
  4: (0, 4, 15)
  5: (4, 0, 15)
  6: (6, 0, 13)
  7: (0, 0, 13)

Best-First (H1:SumDiff) (12 steps):
  0: (0, 0, 0)
  1: (0, 0, 15)
  2: (6, 0, 15)
  3: (0, 6, 15)
  4: (0, 10, 11)
  5: (0, 0, 11)
  6: (6, 0, 11)
  7: (2, 0, 15)
  8: (0, 2, 15)
  9: (6, 2, 15)
  10: (0, 8, 15)
  11: (0, 10, 13)
  12: (0, 0, 13)

Best-First (H2:WrongCount) (11 steps):
  0: (0, 0, 0)
  1: (0, 0, 15)
  2: (0, 10, 5)
  3: (0, 0, 5)
  4: (6, 0, 5)
  5: (0, 0, 11)
  6: (0, 10, 1)
  7: (0, 0, 1)
  8: (6, 0, 1)
  9: (0, 0, 7)
  10: (6, 0, 7)
  11: (0, 0, 13)

Best-First (H3:MaxDiff) (7 steps):
  0: (0, 0, 0)
  1: (0, 0, 15)
  2: (6, 0, 9)
  3: (0, 0, 9)
  4: (6, 0, 3)
  5: (0, 0, 3)
  6: (0, 10, 3)
  7: (0, 0, 13)

A* (H1:SumDiff) (7 steps):
  0: (0, 0, 0)
  1: (0, 0, 15)
  2: (0, 10, 15)
  3: (6, 4, 15)
  4: (0, 4, 15)
  5: (4, 0, 15)
  6: (6, 0, 13)
  7: (0, 0, 13)

A* (H2:WrongCount) (7 steps):
  0: (0, 0, 0)
  1: (0, 10, 0)
  2: (6, 4, 0)
  3: (0, 4, 0)
  4: (4, 0, 0)
  5: (4, 0, 15)
  6: (6, 0, 13)
  7: (0, 0, 13)

A* (H3:MaxDiff) (8 steps):
  0: (0, 0, 0)
  1: (0, 0, 15)
  2: (0, 10, 5)
  3: (6, 4, 5)
  4: (0, 4, 11)
  5: (0, 4, 15)
  6: (6, 4, 9)
  7: (0, 4, 9)
  8: (0, 0, 13)


========== instances\7_13_19_23_29_a.buck ==========
Cap: (7, 13, 19, 23, 29)  Goal: (0, 0, 0, 0, 28)

Algorithm                            Path   Visited   MaxOpen          ms
-------------------------------------------------------------------------
DFS                                   772    806462    483627      1865.1
BFS                                     7     12688     17555        14.8
Best-First (H1:SumDiff)                 7        17       107         0.1
Best-First (H2:WrongCount)             12       128       546         0.2
Best-First (H3:MaxDiff)                 7        39       231         0.1
A* (H1:SumDiff)                         7        19       119         0.6
A* (H2:WrongCount)                      7       680      2188         2.1
A* (H3:MaxDiff)                         8        57       347         0.5

BFS (7 steps):
  0: (0, 0, 0, 0, 0)
  1: (0, 13, 0, 0, 0)
  2: (0, 13, 0, 0, 29)
  3: (7, 6, 0, 0, 29)
  4: (0, 6, 0, 0, 29)
  5: (6, 0, 0, 0, 29)
  6: (7, 0, 0, 0, 28)
  7: (0, 0, 0, 0, 28)

Best-First (H1:SumDiff) (7 steps):
  0: (0, 0, 0, 0, 0)
  1: (0, 0, 0, 0, 29)
  2: (0, 13, 0, 0, 29)
  3: (7, 6, 0, 0, 29)
  4: (0, 6, 0, 0, 29)
  5: (6, 0, 0, 0, 29)
  6: (7, 0, 0, 0, 28)
  7: (0, 0, 0, 0, 28)

Best-First (H2:WrongCount) (12 steps):
  0: (0, 0, 0, 0, 0)
  1: (7, 0, 0, 0, 0)
  2: (0, 0, 0, 0, 7)
  3: (7, 0, 0, 0, 7)
  4: (0, 0, 0, 0, 14)
  5: (0, 13, 0, 0, 1)
  6: (0, 0, 0, 0, 1)
  7: (0, 0, 0, 23, 1)
  8: (0, 0, 0, 0, 24)
  9: (0, 0, 19, 0, 5)
  10: (0, 0, 0, 0, 5)
  11: (0, 0, 0, 23, 5)
  12: (0, 0, 0, 0, 28)

Best-First (H3:MaxDiff) (7 steps):
  0: (0, 0, 0, 0, 0)
  1: (0, 0, 0, 0, 29)
  2: (7, 0, 0, 0, 22)
  3: (0, 0, 0, 0, 22)
  4: (7, 0, 0, 0, 15)
  5: (0, 0, 0, 0, 15)
  6: (0, 13, 0, 0, 15)
  7: (0, 0, 0, 0, 28)

A* (H1:SumDiff) (7 steps):
  0: (0, 0, 0, 0, 0)
  1: (0, 0, 0, 0, 29)
  2: (0, 13, 0, 0, 29)
  3: (7, 6, 0, 0, 29)
  4: (0, 6, 0, 0, 29)
  5: (6, 0, 0, 0, 29)
  6: (7, 0, 0, 0, 28)
  7: (0, 0, 0, 0, 28)

A* (H2:WrongCount) (7 steps):
  0: (0, 0, 0, 0, 0)
  1: (0, 0, 0, 0, 29)
  2: (0, 0, 0, 23, 6)
  3: (0, 0, 0, 0, 6)
  4: (6, 0, 0, 0, 0)
  5: (6, 0, 0, 0, 29)
  6: (7, 0, 0, 0, 28)
  7: (0, 0, 0, 0, 28)

A* (H3:MaxDiff) (8 steps):
  0: (0, 0, 0, 0, 0)
  1: (0, 0, 0, 0, 29)
  2: (0, 13, 0, 0, 16)
  3: (7, 6, 0, 0, 16)
  4: (0, 6, 0, 0, 23)
  5: (0, 6, 0, 0, 29)
  6: (7, 6, 0, 0, 22)
  7: (0, 6, 0, 0, 22)
  8: (0, 0, 0, 0, 28)


========== instances\7_13_19_23_29_b.buck ==========
Cap: (7, 13, 19, 23, 29)  Goal: (0, 0, 0, 17, 28)

Algorithm                            Path   Visited   MaxOpen          ms
-------------------------------------------------------------------------
DFS                                  8643    754281    483627      1794.5
BFS                                     8     37259     40753        47.4
Best-First (H1:SumDiff)                11        52       400         0.5
Best-First (H2:WrongCount)             21       121       837         0.3
Best-First (H3:MaxDiff)                69      7105     31421        16.4
A* (H1:SumDiff)                        10        42       328         0.5
A* (H2:WrongCount)                      8      1385      4283         4.5
A* (H3:MaxDiff)                         9       105       697         0.7

BFS (8 steps):
  0: (0, 0, 0, 0, 0)
  1: (0, 0, 0, 23, 0)
  2: (0, 0, 0, 23, 29)
  3: (0, 13, 0, 10, 29)
  4: (7, 6, 0, 10, 29)
  5: (0, 6, 0, 10, 29)
  6: (6, 0, 0, 10, 29)
  7: (7, 0, 0, 10, 28)
  8: (0, 0, 0, 17, 28)

Best-First (H1:SumDiff) (11 steps):
  0: (0, 0, 0, 0, 0)
  1: (0, 0, 0, 0, 29)
  2: (0, 0, 0, 23, 29)
  3: (7, 0, 0, 16, 29)
  4: (0, 7, 0, 16, 29)
  5: (0, 7, 0, 23, 29)
  6: (0, 13, 0, 17, 29)
  7: (7, 6, 0, 17, 29)
  8: (0, 6, 0, 17, 29)
  9: (6, 0, 0, 17, 29)
  10: (7, 0, 0, 17, 28)
  11: (0, 0, 0, 17, 28)

Best-First (H2:WrongCount) (21 steps):
  0: (0, 0, 0, 0, 0)
  1: (0, 0, 0, 23, 0)
  2: (0, 0, 0, 0, 23)
  3: (0, 0, 0, 23, 23)
  4: (0, 0, 0, 17, 29)
  5: (0, 0, 0, 17, 0)
  6: (7, 0, 0, 17, 0)
  7: (0, 0, 0, 17, 7)
  8: (7, 0, 0, 17, 7)
  9: (0, 0, 0, 17, 14)
  10: (0, 13, 0, 17, 1)
  11: (0, 0, 0, 17, 1)
  12: (7, 0, 0, 17, 1)
  13: (0, 0, 0, 17, 8)
  14: (7, 0, 0, 17, 8)
  15: (0, 0, 0, 17, 15)
  16: (0, 13, 0, 17, 2)
  17: (0, 0, 0, 17, 2)
  18: (7, 0, 0, 17, 2)
  19: (0, 0, 0, 17, 9)
  20: (0, 0, 19, 17, 9)
  21: (0, 0, 0, 17, 28)

A* (H1:SumDiff) (10 steps):
  0: (0, 0, 0, 0, 0)
  1: (0, 0, 0, 0, 29)
  2: (0, 0, 0, 23, 29)
  3: (7, 0, 0, 23, 29)
  4: (0, 7, 0, 23, 29)
  5: (0, 13, 0, 17, 29)
  6: (7, 6, 0, 17, 29)
  7: (0, 6, 0, 17, 29)
  8: (6, 0, 0, 17, 29)
  9: (7, 0, 0, 17, 28)
  10: (0, 0, 0, 17, 28)

A* (H2:WrongCount) (8 steps):
  0: (0, 0, 0, 0, 0)
  1: (0, 0, 0, 0, 29)
  2: (7, 0, 0, 0, 22)
  3: (7, 0, 0, 22, 0)
  4: (7, 0, 0, 22, 29)
  5: (7, 0, 0, 23, 28)
  6: (0, 7, 0, 23, 28)
  7: (0, 13, 0, 17, 28)
  8: (0, 0, 0, 17, 28)

A* (H3:MaxDiff) (9 steps):
  0: (0, 0, 0, 0, 0)
  1: (0, 0, 0, 0, 29)
  2: (0, 0, 0, 23, 29)
  3: (0, 13, 0, 23, 16)
  4: (7, 6, 0, 23, 16)
  5: (7, 6, 0, 10, 29)
  6: (0, 6, 0, 10, 29)
  7: (7, 6, 0, 10, 22)
  8: (0, 6, 0, 17, 22)
  9: (0, 0, 0, 17, 28)


========== instances\7_13_19_23_29_c.buck ==========
Cap: (7, 13, 19, 23, 29)  Goal: (0, 0, 11, 17, 28)

Algorithm                            Path   Visited   MaxOpen          ms
-------------------------------------------------------------------------
DFS                                  5604    771745    483627      1921.6
BFS                                    12    386245    148440       756.9
Best-First (H1:SumDiff)                17       184      1407         0.8
Best-First (H2:WrongCount)             24       238      1994         0.5
Best-First (H3:MaxDiff)               318     79664    159748       165.3
A* (H1:SumDiff)                        16       780      5511         2.5
A* (H2:WrongCount)                     12     35938     55684        96.3
A* (H3:MaxDiff)                        15     21789     77155        80.8

BFS (12 steps):
  0: (0, 0, 0, 0, 0)
  1: (0, 0, 0, 23, 0)
  2: (0, 0, 0, 23, 29)
  3: (0, 0, 19, 4, 29)
  4: (0, 0, 0, 4, 29)
  5: (0, 0, 4, 0, 29)
  6: (0, 0, 4, 23, 29)
  7: (0, 13, 4, 10, 29)
  8: (7, 6, 4, 10, 29)
  9: (0, 6, 11, 10, 29)
  10: (6, 0, 11, 10, 29)
  11: (7, 0, 11, 10, 28)
  12: (0, 0, 11, 17, 28)

Best-First (H1:SumDiff) (17 steps):
  0: (0, 0, 0, 0, 0)
  1: (0, 0, 0, 0, 29)
  2: (0, 0, 0, 23, 29)
  3: (0, 0, 19, 23, 29)
  4: (7, 0, 12, 23, 29)
  5: (0, 7, 12, 23, 29)
  6: (0, 13, 12, 17, 29)
  7: (7, 6, 12, 17, 29)
  8: (0, 6, 12, 17, 29)
  9: (6, 0, 12, 17, 29)
  10: (7, 0, 12, 17, 28)
  11: (0, 0, 12, 17, 28)
  12: (0, 13, 12, 17, 28)
  13: (7, 6, 12, 17, 28)
  14: (0, 6, 12, 17, 28)
  15: (6, 0, 12, 17, 28)
  16: (7, 0, 11, 17, 28)
  17: (0, 0, 11, 17, 28)

Best-First (H2:WrongCount) (24 steps):
  0: (0, 0, 0, 0, 0)
  1: (0, 0, 19, 0, 0)
  2: (0, 0, 0, 19, 0)
  3: (0, 0, 19, 19, 0)
  4: (0, 0, 15, 23, 0)
  5: (0, 0, 15, 0, 0)
  6: (0, 0, 0, 15, 0)
  7: (0, 0, 19, 15, 0)
  8: (0, 0, 11, 23, 0)
  9: (0, 0, 11, 0, 23)
  10: (0, 0, 11, 23, 23)
  11: (0, 0, 11, 17, 29)
  12: (0, 0, 11, 17, 0)
  13: (7, 0, 11, 17, 0)
  14: (0, 0, 11, 17, 7)
  15: (7, 0, 11, 17, 7)
  16: (0, 0, 11, 17, 14)
  17: (0, 13, 11, 17, 1)
  18: (0, 0, 11, 17, 1)
  19: (7, 0, 11, 17, 1)
  20: (0, 0, 11, 17, 8)
  21: (7, 0, 11, 17, 8)
  22: (0, 0, 11, 17, 15)
  23: (0, 13, 11, 17, 15)
  24: (0, 0, 11, 17, 28)

A* (H1:SumDiff) (16 steps):
  0: (0, 0, 0, 0, 0)
  1: (0, 0, 0, 0, 29)
  2: (0, 0, 0, 23, 29)
  3: (0, 0, 19, 4, 29)
  4: (7, 0, 12, 4, 29)
  5: (0, 0, 12, 11, 29)
  6: (0, 0, 0, 11, 29)
  7: (0, 0, 11, 0, 29)
  8: (0, 0, 11, 23, 29)
  9: (7, 0, 11, 23, 29)
  10: (0, 7, 11, 23, 29)
  11: (0, 13, 11, 17, 29)
  12: (7, 6, 11, 17, 29)
  13: (0, 6, 11, 17, 29)
  14: (6, 0, 11, 17, 29)
  15: (7, 0, 11, 17, 28)
  16: (0, 0, 11, 17, 28)

A* (H2:WrongCount) (12 steps):
  0: (0, 0, 0, 0, 0)
  1: (0, 0, 0, 23, 0)
  2: (0, 0, 19, 4, 0)
  3: (7, 0, 12, 4, 0)
  4: (7, 12, 0, 4, 0)
  5: (0, 12, 7, 4, 0)
  6: (0, 12, 11, 0, 0)
  7: (0, 12, 11, 23, 0)
  8: (0, 12, 11, 0, 23)
  9: (0, 12, 11, 23, 23)
  10: (0, 12, 11, 17, 29)
  11: (0, 13, 11, 17, 28)
  12: (0, 0, 11, 17, 28)

A* (H3:MaxDiff) (15 steps):
  0: (0, 0, 0, 0, 0)
  1: (0, 0, 0, 0, 29)
  2: (0, 13, 0, 0, 29)
  3: (0, 0, 0, 13, 29)
  4: (0, 0, 0, 23, 19)
  5: (0, 13, 0, 10, 19)
  6: (7, 6, 0, 10, 19)
  7: (0, 6, 7, 10, 19)
  8: (7, 6, 7, 10, 19)
  9: (0, 6, 7, 10, 26)
  10: (0, 6, 4, 10, 29)
  11: (7, 6, 4, 10, 22)
  12: (0, 6, 11, 10, 22)
  13: (7, 6, 11, 10, 22)
  14: (0, 6, 11, 17, 22)
  15: (0, 0, 11, 17, 28)


========== instances\7_13_19_23_29_e.buck ==========
Cap: (7, 13, 19, 23, 29)  Goal: (5, 11, 16, 22, 23)

Algorithm                            Path   Visited   MaxOpen          ms
-------------------------------------------------------------------------
DFS                                   N/A    814464    483627      1899.4
BFS                                   N/A    814464    148440      1762.2
Best-First (H1:SumDiff)               N/A    814464    222476      1870.6
Best-First (H2:WrongCount)            N/A    814464    302906      2067.1
Best-First (H3:MaxDiff)               N/A    814464    257567      2177.5
A* (H1:SumDiff)                       N/A   1979548    569217      7764.6
A* (H2:WrongCount)                    N/A    814464    173284      2716.8
A* (H3:MaxDiff)                       N/A   1375820    612628      5339.7


========== instances\7_13_19_23_a.buck ==========
Cap: (7, 13, 19, 23)  Goal: (0, 0, 0, 21)

Algorithm                            Path   Visited   MaxOpen          ms
-------------------------------------------------------------------------
DFS                                   270     23811     13224        14.9
BFS                                     6       948      1029         0.5
Best-First (H1:SumDiff)                13        28       116         0.1
Best-First (H2:WrongCount)             14        75       207         0.1
Best-First (H3:MaxDiff)                13        82       250         0.2
A* (H1:SumDiff)                        13       119       435         0.4
A* (H2:WrongCount)                      6       248       475         0.5
A* (H3:MaxDiff)                        14       415      1010         0.8

BFS (6 steps):
  0: (0, 0, 0, 0)
  1: (7, 0, 0, 0)
  2: (0, 0, 0, 7)
  3: (7, 0, 0, 7)
  4: (0, 0, 0, 14)
  5: (7, 0, 0, 14)
  6: (0, 0, 0, 21)

Best-First (H1:SumDiff) (13 steps):
  0: (0, 0, 0, 0)
  1: (0, 0, 0, 23)
  2: (0, 13, 0, 23)
  3: (7, 6, 0, 23)
  4: (0, 6, 0, 23)
  5: (6, 0, 0, 23)
  6: (7, 0, 0, 22)
  7: (0, 0, 0, 22)
  8: (0, 13, 0, 22)
  9: (7, 6, 0, 22)
  10: (0, 6, 0, 22)
  11: (6, 0, 0, 22)
  12: (7, 0, 0, 21)
  13: (0, 0, 0, 21)

Best-First (H2:WrongCount) (14 steps):
  0: (0, 0, 0, 0)
  1: (7, 0, 0, 0)
  2: (0, 0, 0, 7)
  3: (7, 0, 0, 7)
  4: (0, 0, 0, 14)
  5: (0, 13, 0, 1)
  6: (0, 0, 0, 1)
  7: (7, 0, 0, 1)
  8: (0, 0, 0, 8)
  9: (7, 0, 0, 8)
  10: (0, 0, 0, 15)
  11: (0, 13, 0, 2)
  12: (0, 0, 0, 2)
  13: (0, 0, 19, 2)
  14: (0, 0, 0, 21)

Best-First (H3:MaxDiff) (13 steps):
  0: (0, 0, 0, 0)
  1: (0, 0, 0, 23)
  2: (7, 0, 0, 16)
  3: (0, 0, 0, 16)
  4: (7, 0, 0, 9)
  5: (0, 0, 0, 9)
  6: (0, 13, 0, 9)
  7: (0, 0, 0, 22)
  8: (7, 0, 0, 15)
  9: (0, 0, 0, 15)
  10: (7, 0, 0, 8)
  11: (0, 0, 0, 8)
  12: (0, 13, 0, 8)
  13: (0, 0, 0, 21)

A* (H1:SumDiff) (13 steps):
  0: (0, 0, 0, 0)
  1: (0, 0, 0, 23)
  2: (0, 13, 0, 23)
  3: (7, 6, 0, 23)
  4: (0, 6, 0, 23)
  5: (6, 0, 0, 23)
  6: (7, 0, 0, 22)
  7: (0, 0, 0, 22)
  8: (0, 13, 0, 22)
  9: (7, 6, 0, 22)
  10: (0, 6, 0, 22)
  11: (6, 0, 0, 22)
  12: (7, 0, 0, 21)
  13: (0, 0, 0, 21)

A* (H2:WrongCount) (6 steps):
  0: (0, 0, 0, 0)
  1: (7, 0, 0, 0)
  2: (0, 0, 0, 7)
  3: (7, 0, 0, 7)
  4: (0, 0, 0, 14)
  5: (7, 0, 0, 14)
  6: (0, 0, 0, 21)

A* (H3:MaxDiff) (14 steps):
  0: (0, 0, 0, 0)
  1: (0, 0, 0, 23)
  2: (0, 13, 0, 23)
  3: (7, 6, 0, 23)
  4: (0, 6, 0, 23)
  5: (0, 0, 6, 23)
  6: (0, 13, 6, 23)
  7: (7, 6, 6, 23)
  8: (0, 6, 6, 23)
  9: (7, 6, 6, 16)
  10: (0, 6, 6, 16)
  11: (6, 6, 0, 16)
  12: (7, 6, 0, 15)
  13: (0, 6, 0, 15)
  14: (0, 0, 0, 21)


========== instances\7_13_19_23_b.buck ==========
Cap: (7, 13, 19, 23)  Goal: (0, 0, 0, 22)

Algorithm                            Path   Visited   MaxOpen          ms
-------------------------------------------------------------------------
DFS                                    17     25134     13224        13.5
BFS                                     7      2173      1889         1.1
Best-First (H1:SumDiff)                 7        15        62         0.0
Best-First (H2:WrongCount)             20        97       261         0.1
Best-First (H3:MaxDiff)                 7        23        87         0.0
A* (H1:SumDiff)                         7        16        66         0.2
A* (H2:WrongCount)                      7       285       547         0.3
A* (H3:MaxDiff)                         8        38       153         0.1

DFS (17 steps):
  0: (0, 0, 0, 0)
  1: (0, 0, 0, 23)
  2: (0, 0, 19, 4)
  3: (0, 4, 19, 0)
  4: (0, 4, 0, 19)
  5: (7, 4, 0, 12)
  6: (7, 13, 0, 3)
  7: (7, 13, 3, 0)
  8: (7, 0, 3, 13)
  9: (7, 3, 0, 13)
  10: (7, 3, 13, 0)
  11: (0, 3, 13, 7)
  12: (0, 3, 19, 1)
  13: (0, 13, 9, 1)
  14: (1, 13, 9, 0)
  15: (1, 13, 0, 9)
  16: (1, 0, 0, 22)
  17: (0, 0, 0, 22)

BFS (7 steps):
  0: (0, 0, 0, 0)
  1: (0, 13, 0, 0)
  2: (0, 13, 0, 23)
  3: (7, 6, 0, 23)
  4: (0, 6, 0, 23)
  5: (6, 0, 0, 23)
  6: (7, 0, 0, 22)
  7: (0, 0, 0, 22)

Best-First (H1:SumDiff) (7 steps):
  0: (0, 0, 0, 0)
  1: (0, 0, 0, 23)
  2: (0, 13, 0, 23)
  3: (7, 6, 0, 23)
  4: (0, 6, 0, 23)
  5: (6, 0, 0, 23)
  6: (7, 0, 0, 22)
  7: (0, 0, 0, 22)

Best-First (H2:WrongCount) (20 steps):
  0: (0, 0, 0, 0)
  1: (7, 0, 0, 0)
  2: (0, 0, 0, 7)
  3: (7, 0, 0, 7)
  4: (0, 0, 0, 14)
  5: (0, 13, 0, 1)
  6: (0, 0, 0, 1)
  7: (7, 0, 0, 1)
  8: (0, 0, 0, 8)
  9: (7, 0, 0, 8)
  10: (0, 0, 0, 15)
  11: (0, 13, 0, 2)
  12: (0, 0, 0, 2)
  13: (7, 0, 0, 2)
  14: (0, 0, 0, 9)
  15: (7, 0, 0, 9)
  16: (0, 0, 0, 16)
  17: (0, 13, 0, 3)
  18: (0, 0, 0, 3)
  19: (0, 0, 19, 3)
  20: (0, 0, 0, 22)

Best-First (H3:MaxDiff) (7 steps):
  0: (0, 0, 0, 0)
  1: (0, 0, 0, 23)
  2: (7, 0, 0, 16)
  3: (0, 0, 0, 16)
  4: (7, 0, 0, 9)
  5: (0, 0, 0, 9)
  6: (0, 13, 0, 9)
  7: (0, 0, 0, 22)

A* (H1:SumDiff) (7 steps):
  0: (0, 0, 0, 0)
  1: (0, 0, 0, 23)
  2: (0, 13, 0, 23)
  3: (7, 6, 0, 23)
  4: (0, 6, 0, 23)
  5: (6, 0, 0, 23)
  6: (7, 0, 0, 22)
  7: (0, 0, 0, 22)

A* (H2:WrongCount) (7 steps):
  0: (0, 0, 0, 0)
  1: (0, 13, 0, 0)
  2: (7, 6, 0, 0)
  3: (0, 6, 0, 0)
  4: (6, 0, 0, 0)
  5: (6, 0, 0, 23)
  6: (7, 0, 0, 22)
  7: (0, 0, 0, 22)

A* (H3:MaxDiff) (8 steps):
  0: (0, 0, 0, 0)
  1: (0, 0, 0, 23)
  2: (0, 13, 0, 10)
  3: (7, 6, 0, 10)
  4: (0, 6, 0, 17)
  5: (0, 6, 0, 23)
  6: (7, 6, 0, 16)
  7: (0, 6, 0, 16)
  8: (0, 0, 0, 22)


========== instances\7_13_19_23_c.buck ==========
Cap: (7, 13, 19, 23)  Goal: (5, 7, 0, 22)

Algorithm                            Path   Visited   MaxOpen          ms
-------------------------------------------------------------------------
DFS                                  7702      8469     13111         8.5
BFS                                    12     19033      4576         9.9
Best-First (H1:SumDiff)                46      1797      4456         2.0
Best-First (H2:WrongCount)             47       122       651         0.2
Best-First (H3:MaxDiff)                75      1736      4231         2.1
A* (H1:SumDiff)                        16       904      2757         1.6
A* (H2:WrongCount)                     12      5840      4595         6.3
A* (H3:MaxDiff)                        14      1776      3980         2.4

BFS (12 steps):
  0: (0, 0, 0, 0)
  1: (7, 0, 0, 0)
  2: (7, 0, 0, 23)
  3: (7, 0, 19, 4)
  4: (7, 0, 0, 4)
  5: (7, 0, 4, 0)
  6: (7, 0, 4, 23)
  7: (7, 13, 4, 10)
  8: (7, 0, 17, 10)
  9: (0, 7, 17, 10)
  10: (7, 7, 17, 3)
  11: (5, 7, 19, 3)
  12: (5, 7, 0, 22)

A* (H1:SumDiff) (16 steps):
  0: (0, 0, 0, 0)
  1: (0, 0, 0, 23)
  2: (0, 13, 0, 23)
  3: (7, 6, 0, 23)
  4: (7, 6, 19, 23)
  5: (7, 13, 12, 23)
  6: (7, 0, 12, 23)
  7: (0, 7, 12, 23)
  8: (7, 7, 5, 23)
  9: (0, 7, 5, 23)
  10: (0, 13, 5, 23)
  11: (7, 6, 5, 23)
  12: (0, 6, 5, 23)
  13: (7, 6, 5, 16)
  14: (7, 0, 5, 22)
  15: (0, 7, 5, 22)
  16: (5, 7, 0, 22)

A* (H2:WrongCount) (12 steps):
  0: (0, 0, 0, 0)
  1: (0, 0, 0, 23)
  2: (0, 0, 19, 4)
  3: (7, 0, 12, 4)
  4: (7, 12, 0, 4)
  5: (7, 12, 4, 0)
  6: (7, 12, 4, 23)
  7: (7, 13, 4, 22)
  8: (7, 0, 17, 22)
  9: (0, 7, 17, 22)
  10: (7, 7, 17, 22)
  11: (5, 7, 19, 22)
  12: (5, 7, 0, 22)

A* (H3:MaxDiff) (14 steps):
  0: (0, 0, 0, 0)
  1: (0, 0, 0, 23)
  2: (0, 0, 19, 4)
  3: (7, 0, 12, 4)
  4: (0, 0, 12, 11)
  5: (7, 0, 5, 11)
  6: (0, 0, 5, 18)
  7: (0, 13, 5, 18)
  8: (7, 6, 5, 18)
  9: (0, 6, 5, 18)
  10: (0, 6, 5, 23)
  11: (7, 6, 5, 16)
  12: (7, 0, 5, 22)
  13: (0, 7, 5, 22)
  14: (5, 7, 0, 22)


========== instances\7_13_19_23_d.buck ==========
Cap: (7, 13, 19, 23)  Goal: (5, 7, 13, 22)

Algorithm                            Path   Visited   MaxOpen          ms
-------------------------------------------------------------------------
DFS                                   N/A     25248     13224        23.1
BFS                                   N/A     25248      4576        12.6
Best-First (H1:SumDiff)               N/A     25248      8220        17.8
Best-First (H2:WrongCount)            N/A     25248      9179        18.0
Best-First (H3:MaxDiff)               N/A     25248      7770        17.6
A* (H1:SumDiff)                       N/A     69067     24247        76.0
A* (H2:WrongCount)                    N/A     25248      5175        27.4
A* (H3:MaxDiff)                       N/A     50966     18387        55.1


========== instances\7_13_19_23_e.buck ==========
Cap: (7, 13, 19, 23)  Goal: (5, 7, 17, 21)

Algorithm                            Path   Visited   MaxOpen          ms
-------------------------------------------------------------------------
DFS                                   N/A     25248     13224        15.8
BFS                                   N/A     25248      4576        13.1
Best-First (H1:SumDiff)               N/A     25248      7884        17.4
Best-First (H2:WrongCount)            N/A     25248      8765        17.1
Best-First (H3:MaxDiff)               N/A     25248      7526        17.6
A* (H1:SumDiff)                       N/A     58270     24751        65.1
A* (H2:WrongCount)                    N/A     25248      5132        23.7
A* (H3:MaxDiff)                       N/A     46735     18007        53.8


========== instances\17_20_a.buck ==========
Cap: (17, 20)  Goal: (8, 0)

Algorithm                            Path   Visited   MaxOpen          ms
-------------------------------------------------------------------------
DFS                                    60        61         3         0.3
BFS                                    13        27         3         0.0
Best-First (H1:SumDiff)                13        14         3         0.0
Best-First (H2:WrongCount)             13        34         3         0.0
Best-First (H3:MaxDiff)                13        34         3         0.0
A* (H1:SumDiff)                        13        27         3         0.3
A* (H2:WrongCount)                     13        27         3         0.0
A* (H3:MaxDiff)                        13        27         3         0.0

BFS (13 steps):
  0: (0, 0)
  1: (17, 0)
  2: (0, 17)
  3: (17, 17)
  4: (14, 20)
  5: (14, 0)
  6: (0, 14)
  7: (17, 14)
  8: (11, 20)
  9: (11, 0)
  10: (0, 11)
  11: (17, 11)
  12: (8, 20)
  13: (8, 0)

Best-First (H1:SumDiff) (13 steps):
  0: (0, 0)
  1: (17, 0)
  2: (0, 17)
  3: (17, 17)
  4: (14, 20)
  5: (14, 0)
  6: (0, 14)
  7: (17, 14)
  8: (11, 20)
  9: (11, 0)
  10: (0, 11)
  11: (17, 11)
  12: (8, 20)
  13: (8, 0)

Best-First (H2:WrongCount) (13 steps):
  0: (0, 0)
  1: (17, 0)
  2: (0, 17)
  3: (17, 17)
  4: (14, 20)
  5: (14, 0)
  6: (0, 14)
  7: (17, 14)
  8: (11, 20)
  9: (11, 0)
  10: (0, 11)
  11: (17, 11)
  12: (8, 20)
  13: (8, 0)

Best-First (H3:MaxDiff) (13 steps):
  0: (0, 0)
  1: (17, 0)
  2: (0, 17)
  3: (17, 17)
  4: (14, 20)
  5: (14, 0)
  6: (0, 14)
  7: (17, 14)
  8: (11, 20)
  9: (11, 0)
  10: (0, 11)
  11: (17, 11)
  12: (8, 20)
  13: (8, 0)

A* (H1:SumDiff) (13 steps):
  0: (0, 0)
  1: (17, 0)
  2: (0, 17)
  3: (17, 17)
  4: (14, 20)
  5: (14, 0)
  6: (0, 14)
  7: (17, 14)
  8: (11, 20)
  9: (11, 0)
  10: (0, 11)
  11: (17, 11)
  12: (8, 20)
  13: (8, 0)

A* (H2:WrongCount) (13 steps):
  0: (0, 0)
  1: (17, 0)
  2: (0, 17)
  3: (17, 17)
  4: (14, 20)
  5: (14, 0)
  6: (0, 14)
  7: (17, 14)
  8: (11, 20)
  9: (11, 0)
  10: (0, 11)
  11: (17, 11)
  12: (8, 20)
  13: (8, 0)

A* (H3:MaxDiff) (13 steps):
  0: (0, 0)
  1: (17, 0)
  2: (0, 17)
  3: (17, 17)
  4: (14, 20)
  5: (14, 0)
  6: (0, 14)
  7: (17, 14)
  8: (11, 20)
  9: (11, 0)
  10: (0, 11)
  11: (17, 11)
  12: (8, 20)
  13: (8, 0)


========== instances\17_20_b.buck ==========
Cap: (17, 20)  Goal: (8, 8)

Algorithm                            Path   Visited   MaxOpen          ms
-------------------------------------------------------------------------
DFS                                   N/A        74         3         0.2
BFS                                   N/A        74         3         0.0
Best-First (H1:SumDiff)               N/A        74         3         0.0
Best-First (H2:WrongCount)            N/A        74         3         0.0
Best-First (H3:MaxDiff)               N/A        74         3         0.0
A* (H1:SumDiff)                       N/A        76         3         0.2
A* (H2:WrongCount)                    N/A        74         3         0.2
A* (H3:MaxDiff)                       N/A        75         3         0.2


========== instances\td.buck ==========
Cap: (3, 5)  Goal: (0, 4)

Algorithm                            Path   Visited   MaxOpen          ms
-------------------------------------------------------------------------
DFS                                     7         8         3         0.3
BFS                                     7        16         3         0.0
Best-First (H1:SumDiff)                 7         9         3         0.0
Best-First (H2:WrongCount)              8        13         3         0.0
Best-First (H3:MaxDiff)                 7         9         3         0.0
A* (H1:SumDiff)                         7        15         3         0.3
A* (H2:WrongCount)                      7        15         3         0.1
A* (H3:MaxDiff)                         7        15         3         0.0

DFS (7 steps):
  0: (0, 0)
  1: (0, 5)
  2: (3, 2)
  3: (0, 2)
  4: (2, 0)
  5: (2, 5)
  6: (3, 4)
  7: (0, 4)

BFS (7 steps):
  0: (0, 0)
  1: (0, 5)
  2: (3, 2)
  3: (0, 2)
  4: (2, 0)
  5: (2, 5)
  6: (3, 4)
  7: (0, 4)

Best-First (H1:SumDiff) (7 steps):
  0: (0, 0)
  1: (0, 5)
  2: (3, 2)
  3: (0, 2)
  4: (2, 0)
  5: (2, 5)
  6: (3, 4)
  7: (0, 4)

Best-First (H2:WrongCount) (8 steps):
  0: (0, 0)
  1: (3, 0)
  2: (0, 3)
  3: (3, 3)
  4: (1, 5)
  5: (1, 0)
  6: (0, 1)
  7: (3, 1)
  8: (0, 4)

Best-First (H3:MaxDiff) (7 steps):
  0: (0, 0)
  1: (0, 5)
  2: (3, 2)
  3: (0, 2)
  4: (2, 0)
  5: (2, 5)
  6: (3, 4)
  7: (0, 4)

A* (H1:SumDiff) (7 steps):
  0: (0, 0)
  1: (0, 5)
  2: (3, 2)
  3: (0, 2)
  4: (2, 0)
  5: (2, 5)
  6: (3, 4)
  7: (0, 4)

A* (H2:WrongCount) (7 steps):
  0: (0, 0)
  1: (0, 5)
  2: (3, 2)
  3: (0, 2)
  4: (2, 0)
  5: (2, 5)
  6: (3, 4)
  7: (0, 4)

A* (H3:MaxDiff) (7 steps):
  0: (0, 0)
  1: (0, 5)
  2: (3, 2)
  3: (0, 2)
  4: (2, 0)
  5: (2, 5)
  6: (3, 4)
  7: (0, 4)

