

========== instances\3_7_13_19_23_29_a.buck ==========
Cap: (3, 7, 13, 19, 23, 29)  Goal: (0, 0, 0, 0, 0, 28)

Algorithm                            Path   Visited   MaxOpen        ms
-----------------------------------------------------------------------
DFS                                 15837   4689088   3261950   54503.0
BFS                                     7     28848     49769     150.4
Best-First (H1:SumDiff)                 8        26       219       0.2
Best-First (H2:WrongCount)             16        30       259       0.2
Best-First (H3:MaxDiff)                 7       493      3179       4.0

BFS (7 steps):
  0: (0, 0, 0, 0, 0, 0)
  1: (3, 0, 0, 0, 0, 0)
  2: (3, 0, 0, 19, 0, 0)
  3: (3, 0, 0, 19, 0, 29)
  4: (0, 0, 0, 19, 3, 29)
  5: (0, 0, 0, 0, 22, 29)
  6: (0, 0, 0, 0, 23, 28)
  7: (0, 0, 0, 0, 0, 28)

Best-First (H1:SumDiff) (8 steps):
  0: (0, 0, 0, 0, 0, 0)
  1: (0, 0, 0, 0, 0, 29)
  2: (3, 0, 0, 0, 0, 29)
  3: (0, 0, 0, 0, 3, 29)
  4: (3, 0, 0, 0, 3, 29)
  5: (0, 0, 0, 0, 6, 29)
  6: (0, 6, 0, 0, 0, 29)
  7: (0, 7, 0, 0, 0, 28)
  8: (0, 0, 0, 0, 0, 28)

Best-First (H2:WrongCount) (16 steps):
  0: (0, 0, 0, 0, 0, 0)
  1: (0, 0, 0, 0, 23, 0)
  2: (0, 0, 0, 0, 0, 23)
  3: (0, 0, 0, 0, 23, 23)
  4: (0, 0, 0, 0, 17, 29)
  5: (0, 0, 0, 0, 17, 0)
  6: (0, 0, 0, 0, 0, 17)
  7: (0, 0, 0, 0, 23, 17)
  8: (0, 0, 0, 0, 11, 29)
  9: (0, 0, 0, 0, 11, 0)
  10: (0, 0, 0, 0, 0, 11)
  11: (0, 0, 0, 0, 23, 11)
  12: (0, 0, 0, 0, 5, 29)
  13: (0, 0, 0, 0, 5, 0)
  14: (0, 0, 0, 0, 0, 5)
  15: (0, 0, 0, 0, 23, 5)
  16: (0, 0, 0, 0, 0, 28)

Best-First (H3:MaxDiff) (7 steps):
  0: (0, 0, 0, 0, 0, 0)
  1: (0, 0, 0, 0, 0, 29)
  2: (0, 7, 0, 0, 0, 22)
  3: (0, 0, 0, 0, 0, 22)
  4: (3, 0, 0, 0, 0, 22)
  5: (0, 0, 0, 0, 0, 25)
  6: (3, 0, 0, 0, 0, 25)
  7: (0, 0, 0, 0, 0, 28)


========== instances\3_7_13_19_23_29_b.buck ==========
Cap: (3, 7, 13, 19, 23, 29)  Goal: (0, 0, 0, 0, 11, 28)

Algorithm                            Path   Visited   MaxOpen        ms
-----------------------------------------------------------------------
DFS                                  4404   4800645   3261950   57017.4
BFS                                     8     69133     95828     463.2
Best-First (H1:SumDiff)                17        80       862       0.8
Best-First (H2:WrongCount)             17       126       961       0.8
Best-First (H3:MaxDiff)                15      4041     25161      39.2

BFS (8 steps):
  0: (0, 0, 0, 0, 0, 0)
  1: (3, 0, 0, 0, 0, 0)
  2: (3, 7, 0, 0, 0, 0)
  3: (3, 7, 0, 0, 0, 29)
  4: (0, 7, 0, 0, 3, 29)
  5: (0, 0, 0, 7, 3, 29)
  6: (0, 0, 0, 7, 23, 9)
  7: (0, 0, 0, 19, 11, 9)
  8: (0, 0, 0, 0, 11, 28)

Best-First (H1:SumDiff) (17 steps):
  0: (0, 0, 0, 0, 0, 0)
  1: (0, 0, 0, 0, 0, 29)
  2: (0, 0, 0, 0, 23, 29)
  3: (0, 7, 0, 0, 16, 29)
  4: (0, 0, 0, 0, 16, 29)
  5: (3, 0, 0, 0, 13, 29)
  6: (0, 0, 0, 0, 13, 29)
  7: (3, 0, 0, 0, 10, 29)
  8: (0, 0, 0, 3, 10, 29)
  9: (3, 0, 0, 3, 10, 29)
  10: (0, 0, 0, 6, 10, 29)
  11: (0, 6, 0, 0, 10, 29)
  12: (0, 7, 0, 0, 10, 28)
  13: (0, 0, 0, 0, 17, 28)
  14: (3, 0, 0, 0, 14, 28)
  15: (0, 0, 0, 0, 14, 28)
  16: (3, 0, 0, 0, 11, 28)
  17: (0, 0, 0, 0, 11, 28)

Best-First (H2:WrongCount) (17 steps):
  0: (0, 0, 0, 0, 0, 0)
  1: (0, 0, 0, 0, 23, 0)
  2: (0, 0, 0, 0, 0, 23)
  3: (0, 0, 0, 0, 23, 23)
  4: (0, 0, 0, 0, 17, 29)
  5: (0, 0, 0, 0, 17, 0)
  6: (0, 0, 0, 0, 0, 17)
  7: (0, 0, 0, 0, 23, 17)
  8: (0, 0, 0, 0, 11, 29)
  9: (0, 0, 0, 0, 11, 0)
  10: (0, 0, 0, 19, 11, 0)
  11: (0, 0, 0, 0, 11, 19)
  12: (0, 0, 0, 19, 11, 19)
  13: (0, 0, 0, 9, 11, 29)
  14: (0, 0, 0, 9, 11, 0)
  15: (0, 0, 0, 0, 11, 9)
  16: (0, 0, 0, 19, 11, 9)
  17: (0, 0, 0, 0, 11, 28)

Best-First (H3:MaxDiff) (15 steps):
  0: (0, 0, 0, 0, 0, 0)
  1: (0, 0, 0, 0, 0, 29)
  2: (0, 7, 0, 0, 0, 22)
  3: (0, 0, 0, 0, 7, 22)
  4: (0, 0, 0, 0, 7, 29)
  5: (3, 0, 0, 0, 7, 26)
  6: (0, 0, 0, 0, 7, 26)
  7: (0, 0, 0, 0, 4, 29)
  8: (0, 7, 0, 0, 4, 22)
  9: (0, 0, 0, 0, 11, 22)
  10: (3, 0, 0, 0, 8, 22)
  11: (0, 0, 0, 0, 8, 25)
  12: (3, 0, 0, 0, 8, 25)
  13: (0, 0, 0, 0, 8, 28)
  14: (3, 0, 0, 0, 8, 28)
  15: (0, 0, 0, 0, 11, 28)


========== instances\3_7_13_19_23_29_c.buck ==========
Cap: (3, 7, 13, 19, 23, 29)  Goal: (2, 0, 0, 0, 0, 28)

Algorithm                            Path   Visited   MaxOpen        ms
-----------------------------------------------------------------------
DFS                                  3093   4815381   3261950   54563.3
BFS                                    10    483272    386722    4269.0
Best-First (H1:SumDiff)                18        83       734       0.7
Best-First (H2:WrongCount)             36        88       830       0.6
Best-First (H3:MaxDiff)                15     14937     66343     120.2

BFS (10 steps):
  0: (0, 0, 0, 0, 0, 0)
  1: (0, 7, 0, 0, 0, 0)
  2: (0, 7, 0, 0, 23, 0)
  3: (0, 0, 0, 7, 23, 0)
  4: (0, 7, 0, 7, 16, 0)
  5: (0, 0, 0, 14, 16, 0)
  6: (0, 7, 0, 14, 9, 0)
  7: (0, 2, 0, 19, 9, 0)
  8: (2, 0, 0, 19, 9, 0)
  9: (2, 0, 0, 0, 9, 19)
  10: (2, 0, 0, 0, 0, 28)

Best-First (H1:SumDiff) (18 steps):
  0: (0, 0, 0, 0, 0, 0)
  1: (0, 0, 0, 0, 0, 29)
  2: (3, 0, 0, 0, 0, 29)
  3: (0, 0, 0, 0, 3, 29)
  4: (3, 0, 0, 0, 3, 29)
  5: (0, 0, 0, 0, 6, 29)
  6: (3, 0, 0, 0, 6, 29)
  7: (3, 6, 0, 0, 0, 29)
  8: (2, 7, 0, 0, 0, 29)
  9: (2, 0, 0, 0, 0, 29)
  10: (3, 0, 0, 0, 0, 28)
  11: (0, 0, 0, 0, 3, 28)
  12: (3, 0, 0, 0, 3, 28)
  13: (0, 0, 0, 0, 6, 28)
  14: (3, 0, 0, 0, 6, 28)
  15: (2, 0, 0, 0, 6, 29)
  16: (2, 6, 0, 0, 0, 29)
  17: (2, 7, 0, 0, 0, 28)
  18: (2, 0, 0, 0, 0, 28)

Best-First (H3:MaxDiff) (15 steps):
  0: (0, 0, 0, 0, 0, 0)
  1: (0, 0, 0, 0, 0, 29)
  2: (0, 7, 0, 0, 0, 22)
  3: (3, 4, 0, 0, 0, 22)
  4: (0, 4, 0, 0, 0, 25)
  5: (3, 1, 0, 0, 0, 25)
  6: (3, 1, 0, 0, 0, 29)
  7: (3, 0, 0, 0, 1, 29)
  8: (0, 0, 0, 0, 1, 29)
  9: (0, 7, 0, 0, 1, 22)
  10: (3, 4, 0, 0, 1, 22)
  11: (0, 4, 0, 0, 1, 25)
  12: (3, 1, 0, 0, 1, 25)
  13: (0, 1, 0, 0, 1, 28)
  14: (1, 0, 0, 0, 1, 28)
  15: (2, 0, 0, 0, 0, 28)


========== instances\3_7_13_19_23_29_d.buck ==========
Cap: (3, 7, 13, 19, 23, 29)  Goal: (2, 0, 11, 0, 0, 28)

Algorithm                            Path   Visited   MaxOpen        ms
-----------------------------------------------------------------------
DFS                                 64188   4343898   3261950   71568.5
BFS                                    12   1573918    698746   15841.7
Best-First (H1:SumDiff)                26       517      4852       4.6
Best-First (H2:WrongCount)             94       157      1757       1.4
Best-First (H3:MaxDiff)                36     34638    145698     387.8

BFS (12 steps):
  0: (0, 0, 0, 0, 0, 0)
  1: (0, 0, 0, 19, 0, 0)
  2: (0, 0, 0, 19, 0, 29)
  3: (0, 0, 13, 6, 0, 29)
  4: (0, 7, 6, 6, 0, 29)
  5: (0, 0, 6, 6, 0, 29)
  6: (0, 6, 0, 6, 0, 29)
  7: (0, 7, 0, 6, 0, 28)
  8: (3, 4, 0, 6, 0, 28)
  9: (3, 0, 4, 6, 0, 28)
  10: (3, 6, 4, 0, 0, 28)
  11: (2, 7, 4, 0, 0, 28)
  12: (2, 0, 11, 0, 0, 28)

Best-First (H1:SumDiff) (26 steps):
  0: (0, 0, 0, 0, 0, 0)
  1: (0, 0, 0, 0, 0, 29)
  2: (0, 0, 13, 0, 0, 29)
  3: (3, 0, 10, 0, 0, 29)
  4: (0, 0, 10, 0, 3, 29)
  5: (3, 0, 10, 0, 3, 29)
  6: (0, 0, 10, 0, 6, 29)
  7: (3, 0, 10, 0, 6, 29)
  8: (3, 6, 10, 0, 0, 29)
  9: (2, 7, 10, 0, 0, 29)
  10: (2, 4, 13, 0, 0, 29)
  11: (2, 0, 13, 0, 4, 29)
  12: (3, 0, 12, 0, 4, 29)
  13: (0, 0, 12, 0, 4, 29)
  14: (3, 0, 12, 0, 1, 29)
  15: (0, 0, 12, 0, 1, 29)
  16: (1, 0, 12, 0, 0, 29)
  17: (1, 0, 13, 0, 0, 28)
  18: (3, 0, 11, 0, 0, 28)
  19: (0, 0, 11, 0, 3, 28)
  20: (3, 0, 11, 0, 3, 28)
  21: (0, 0, 11, 0, 6, 28)
  22: (3, 0, 11, 0, 6, 28)
  23: (2, 0, 11, 0, 6, 29)
  24: (2, 6, 11, 0, 0, 29)
  25: (2, 7, 11, 0, 0, 28)
  26: (2, 0, 11, 0, 0, 28)


========== instances\3_7_13_19_23_29_e.buck ==========
Cap: (3, 7, 13, 19, 23, 29)  Goal: (2, 0, 11, 17, 0, 28)

Algorithm                            Path   Visited   MaxOpen        ms
-----------------------------------------------------------------------
DFS                                310544    317213   1616089    4269.0
BFS                                    14   3117263    737270   42850.6
Best-First (H1:SumDiff)                43      2009     17774      39.9
Best-First (H2:WrongCount)            125       223      3182       4.2
Best-First (H3:MaxDiff)                85     63652    234272    1123.6

BFS (14 steps):
  0: (0, 0, 0, 0, 0, 0)
  1: (0, 0, 0, 0, 0, 29)
  2: (0, 7, 0, 0, 0, 22)
  3: (3, 4, 0, 0, 0, 22)
  4: (3, 0, 4, 0, 0, 22)
  5: (0, 3, 4, 0, 0, 22)
  6: (0, 3, 4, 0, 22, 0)
  7: (0, 3, 4, 0, 22, 29)
  8: (0, 3, 4, 0, 23, 28)
  9: (3, 3, 4, 0, 20, 28)
  10: (0, 6, 4, 0, 20, 28)
  11: (3, 6, 4, 0, 17, 28)
  12: (2, 7, 4, 0, 17, 28)
  13: (2, 0, 11, 0, 17, 28)
  14: (2, 0, 11, 17, 0, 28)


========== instances\6_10_15_a.buck ==========
Cap: (6, 10, 15)  Goal: (1, 0, 0)

Algorithm                            Path   Visited   MaxOpen        ms
-----------------------------------------------------------------------
DFS                                     9       569       255       1.0
BFS                                     5        75        51       0.1
Best-First (H1:SumDiff)                13        76        63       0.2
Best-First (H2:WrongCount)             13        44        66       0.1
Best-First (H3:MaxDiff)                12       167        89       0.5

DFS (9 steps):
  0: (0, 0, 0)
  1: (0, 0, 15)
  2: (0, 10, 5)
  3: (5, 10, 0)
  4: (5, 0, 10)
  5: (0, 5, 10)
  6: (6, 5, 4)
  7: (1, 10, 4)
  8: (1, 0, 14)
  9: (1, 0, 0)

BFS (5 steps):
  0: (0, 0, 0)
  1: (6, 0, 0)
  2: (6, 10, 0)
  3: (6, 0, 10)
  4: (1, 0, 15)
  5: (1, 0, 0)

Best-First (H1:SumDiff) (13 steps):
  0: (0, 0, 0)
  1: (6, 0, 0)
  2: (0, 6, 0)
  3: (6, 6, 0)
  4: (2, 10, 0)
  5: (2, 0, 10)
  6: (0, 2, 10)
  7: (6, 2, 4)
  8: (0, 2, 4)
  9: (2, 0, 4)
  10: (2, 10, 4)
  11: (2, 0, 14)
  12: (1, 0, 15)
  13: (1, 0, 0)

Best-First (H2:WrongCount) (13 steps):
  0: (0, 0, 0)
  1: (0, 0, 15)
  2: (6, 0, 9)
  3: (0, 0, 9)
  4: (6, 0, 3)
  5: (0, 0, 3)
  6: (3, 0, 0)
  7: (3, 10, 0)
  8: (3, 0, 10)
  9: (6, 0, 7)
  10: (0, 0, 7)
  11: (6, 0, 1)
  12: (0, 0, 1)
  13: (1, 0, 0)

Best-First (H3:MaxDiff) (12 steps):
  0: (0, 0, 0)
  1: (0, 0, 15)
  2: (6, 0, 9)
  3: (0, 0, 9)
  4: (6, 0, 3)
  5: (0, 0, 3)
  6: (0, 10, 3)
  7: (6, 4, 3)
  8: (0, 4, 3)
  9: (4, 0, 3)
  10: (6, 0, 1)
  11: (0, 0, 1)
  12: (1, 0, 0)


========== instances\6_10_15_b.buck ==========
Cap: (6, 10, 15)  Goal: (0, 1, 0)

Algorithm                            Path   Visited   MaxOpen        ms
-----------------------------------------------------------------------
DFS                                    10       565       255       1.0
BFS                                     5        69        50       0.1
Best-First (H1:SumDiff)                 5        72        61       0.3
Best-First (H2:WrongCount)              5        19        33       0.1
Best-First (H3:MaxDiff)                 8       177        91       0.6

DFS (10 steps):
  0: (0, 0, 0)
  1: (0, 0, 15)
  2: (0, 10, 5)
  3: (5, 10, 0)
  4: (5, 0, 10)
  5: (0, 5, 10)
  6: (6, 5, 4)
  7: (1, 10, 4)
  8: (1, 0, 14)
  9: (0, 1, 14)
  10: (0, 1, 0)

BFS (5 steps):
  0: (0, 0, 0)
  1: (6, 0, 0)
  2: (6, 10, 0)
  3: (0, 10, 6)
  4: (0, 1, 15)
  5: (0, 1, 0)

Best-First (H1:SumDiff) (5 steps):
  0: (0, 0, 0)
  1: (6, 0, 0)
  2: (0, 0, 6)
  3: (0, 10, 6)
  4: (0, 1, 15)
  5: (0, 1, 0)

Best-First (H2:WrongCount) (5 steps):
  0: (0, 0, 0)
  1: (6, 0, 0)
  2: (0, 0, 6)
  3: (0, 10, 6)
  4: (0, 1, 15)
  5: (0, 1, 0)

Best-First (H3:MaxDiff) (8 steps):
  0: (0, 0, 0)
  1: (0, 0, 15)
  2: (0, 10, 5)
  3: (0, 0, 5)
  4: (6, 0, 5)
  5: (0, 6, 5)
  6: (0, 10, 1)
  7: (0, 0, 1)
  8: (0, 1, 0)


========== instances\6_10_15_c.buck ==========
Cap: (6, 10, 15)  Goal: (0, 7, 0)

Algorithm                            Path   Visited   MaxOpen        ms
-----------------------------------------------------------------------
DFS                                    12       555       255       1.1
BFS                                     7       185        97       0.4
Best-First (H1:SumDiff)                20        72        69       0.2
Best-First (H2:WrongCount)              7        27        41       0.1
Best-First (H3:MaxDiff)                12       158        88       0.4

DFS (12 steps):
  0: (0, 0, 0)
  1: (0, 0, 15)
  2: (0, 10, 5)
  3: (5, 10, 0)
  4: (5, 0, 10)
  5: (0, 5, 10)
  6: (6, 5, 4)
  7: (1, 10, 4)
  8: (1, 0, 14)
  9: (0, 1, 14)
  10: (6, 1, 8)
  11: (0, 7, 8)
  12: (0, 7, 0)

BFS (7 steps):
  0: (0, 0, 0)
  1: (6, 0, 0)
  2: (6, 10, 0)
  3: (0, 10, 6)
  4: (6, 10, 6)
  5: (0, 10, 12)
  6: (0, 7, 15)
  7: (0, 7, 0)

Best-First (H1:SumDiff) (20 steps):
  0: (0, 0, 0)
  1: (0, 10, 0)
  2: (6, 4, 0)
  3: (0, 4, 0)
  4: (0, 0, 4)
  5: (0, 10, 4)
  6: (4, 10, 0)
  7: (6, 8, 0)
  8: (0, 8, 0)
  9: (6, 2, 0)
  10: (0, 2, 0)
  11: (0, 0, 2)
  12: (0, 10, 2)
  13: (2, 10, 0)
  14: (6, 6, 0)
  15: (0, 6, 6)
  16: (6, 6, 6)
  17: (0, 6, 12)
  18: (0, 10, 12)
  19: (0, 7, 15)
  20: (0, 7, 0)

Best-First (H2:WrongCount) (7 steps):
  0: (0, 0, 0)
  1: (6, 0, 0)
  2: (0, 0, 6)
  3: (0, 10, 6)
  4: (0, 1, 15)
  5: (0, 1, 0)
  6: (6, 1, 0)
  7: (0, 7, 0)

Best-First (H3:MaxDiff) (12 steps):
  0: (0, 0, 0)
  1: (0, 0, 15)
  2: (0, 10, 5)
  3: (6, 4, 5)
  4: (0, 4, 5)
  5: (0, 9, 0)
  6: (6, 3, 0)
  7: (0, 3, 0)
  8: (0, 0, 3)
  9: (0, 10, 3)
  10: (6, 4, 3)
  11: (0, 4, 3)
  12: (0, 7, 0)


========== instances\6_10_15_d.buck ==========
Cap: (6, 10, 15)  Goal: (0, 0, 7)

Algorithm                            Path   Visited   MaxOpen        ms
-----------------------------------------------------------------------
DFS                                    54       460       255       1.5
BFS                                     8       282       108       0.9
Best-First (H1:SumDiff)                15        24        44       0.1
Best-First (H2:WrongCount)              8        27        41       0.1
Best-First (H3:MaxDiff)                 9        90        75       0.3

BFS (8 steps):
  0: (0, 0, 0)
  1: (6, 0, 0)
  2: (6, 10, 0)
  3: (0, 10, 6)
  4: (6, 10, 6)
  5: (0, 10, 12)
  6: (0, 7, 15)
  7: (0, 7, 0)
  8: (0, 0, 7)

Best-First (H1:SumDiff) (15 steps):
  0: (0, 0, 0)
  1: (0, 0, 15)
  2: (6, 0, 9)
  3: (0, 0, 9)
  4: (6, 0, 3)
  5: (0, 0, 3)
  6: (0, 3, 0)
  7: (0, 3, 15)
  8: (0, 10, 8)
  9: (0, 0, 8)
  10: (6, 0, 2)
  11: (0, 0, 2)
  12: (0, 2, 0)
  13: (0, 2, 15)
  14: (0, 10, 7)
  15: (0, 0, 7)

Best-First (H2:WrongCount) (8 steps):
  0: (0, 0, 0)
  1: (6, 0, 0)
  2: (0, 0, 6)
  3: (0, 10, 6)
  4: (0, 1, 15)
  5: (0, 1, 0)
  6: (0, 0, 1)
  7: (6, 0, 1)
  8: (0, 0, 7)

Best-First (H3:MaxDiff) (9 steps):
  0: (0, 0, 0)
  1: (0, 10, 0)
  2: (0, 0, 10)
  3: (6, 0, 10)
  4: (0, 6, 10)
  5: (0, 1, 15)
  6: (0, 1, 0)
  7: (0, 0, 1)
  8: (6, 0, 1)
  9: (0, 0, 7)


========== instances\6_10_15_e.buck ==========
Cap: (6, 10, 15)  Goal: (0, 0, 13)

Algorithm                            Path   Visited   MaxOpen        ms
-----------------------------------------------------------------------
DFS                                    28       511       255       1.1
BFS                                     7       229       105       0.5
Best-First (H1:SumDiff)                12        17        36       0.1
Best-First (H2:WrongCount)             18        46        68       0.1
Best-First (H3:MaxDiff)                 8        33        55       0.1

DFS (28 steps):
  0: (0, 0, 0)
  1: (0, 0, 15)
  2: (0, 10, 5)
  3: (5, 10, 0)
  4: (5, 0, 10)
  5: (0, 5, 10)
  6: (6, 5, 4)
  7: (1, 10, 4)
  8: (1, 0, 14)
  9: (0, 1, 14)
  10: (6, 1, 8)
  11: (0, 7, 8)
  12: (6, 7, 2)
  13: (3, 10, 2)
  14: (3, 0, 12)
  15: (0, 3, 12)
  16: (6, 3, 6)
  17: (0, 9, 6)
  18: (0, 9, 0)
  19: (0, 0, 9)
  20: (6, 0, 3)
  21: (0, 6, 3)
  22: (3, 6, 0)
  23: (3, 0, 6)
  24: (3, 10, 6)
  25: (3, 1, 15)
  26: (6, 1, 12)
  27: (6, 0, 13)
  28: (0, 0, 13)

BFS (7 steps):
  0: (0, 0, 0)
  1: (0, 10, 0)
  2: (0, 10, 15)
  3: (6, 4, 15)
  4: (0, 4, 15)
  5: (4, 0, 15)
  6: (6, 0, 13)
  7: (0, 0, 13)

Best-First (H1:SumDiff) (12 steps):
  0: (0, 0, 0)
  1: (0, 0, 15)
  2: (6, 0, 15)
  3: (0, 6, 15)
  4: (0, 10, 11)
  5: (0, 0, 11)
  6: (6, 0, 11)
  7: (2, 0, 15)
  8: (0, 2, 15)
  9: (6, 2, 15)
  10: (0, 8, 15)
  11: (0, 10, 13)
  12: (0, 0, 13)

Best-First (H2:WrongCount) (18 steps):
  0: (0, 0, 0)
  1: (6, 0, 0)
  2: (0, 0, 6)
  3: (0, 10, 6)
  4: (0, 1, 15)
  5: (0, 1, 0)
  6: (0, 0, 1)
  7: (6, 0, 1)
  8: (0, 0, 7)
  9: (0, 10, 7)
  10: (0, 2, 15)
  11: (0, 2, 0)
  12: (0, 0, 2)
  13: (6, 0, 2)
  14: (0, 0, 8)
  15: (0, 8, 0)
  16: (0, 8, 15)
  17: (0, 10, 13)
  18: (0, 0, 13)

Best-First (H3:MaxDiff) (8 steps):
  0: (0, 0, 0)
  1: (0, 0, 15)
  2: (0, 10, 5)
  3: (6, 4, 5)
  4: (0, 4, 11)
  5: (0, 4, 15)
  6: (4, 0, 15)
  7: (6, 0, 13)
  8: (0, 0, 13)


========== instances\7_13_19_23_29_a.buck ==========
Cap: (7, 13, 19, 23, 29)  Goal: (0, 0, 0, 0, 28)

Algorithm                            Path   Visited   MaxOpen        ms
-----------------------------------------------------------------------
DFS                                   772    806462    483627    7251.7
BFS                                     7     12688     17555      56.1
Best-First (H1:SumDiff)                 8        21       134       0.2
Best-First (H2:WrongCount)             16        30       189       0.2
Best-First (H3:MaxDiff)                 9       184       918       1.1

BFS (7 steps):
  0: (0, 0, 0, 0, 0)
  1: (0, 13, 0, 0, 0)
  2: (0, 13, 0, 0, 29)
  3: (7, 6, 0, 0, 29)
  4: (0, 6, 0, 0, 29)
  5: (6, 0, 0, 0, 29)
  6: (7, 0, 0, 0, 28)
  7: (0, 0, 0, 0, 28)

Best-First (H1:SumDiff) (8 steps):
  0: (0, 0, 0, 0, 0)
  1: (0, 0, 0, 0, 29)
  2: (0, 13, 0, 0, 29)
  3: (0, 0, 0, 13, 29)
  4: (7, 0, 0, 6, 29)
  5: (0, 0, 0, 6, 29)
  6: (6, 0, 0, 0, 29)
  7: (7, 0, 0, 0, 28)
  8: (0, 0, 0, 0, 28)

Best-First (H2:WrongCount) (16 steps):
  0: (0, 0, 0, 0, 0)
  1: (0, 0, 0, 23, 0)
  2: (0, 0, 0, 0, 23)
  3: (0, 0, 0, 23, 23)
  4: (0, 0, 0, 17, 29)
  5: (0, 0, 0, 17, 0)
  6: (0, 0, 0, 0, 17)
  7: (0, 0, 0, 23, 17)
  8: (0, 0, 0, 11, 29)
  9: (0, 0, 0, 11, 0)
  10: (0, 0, 0, 0, 11)
  11: (0, 0, 0, 23, 11)
  12: (0, 0, 0, 5, 29)
  13: (0, 0, 0, 5, 0)
  14: (0, 0, 0, 0, 5)
  15: (0, 0, 0, 23, 5)
  16: (0, 0, 0, 0, 28)

Best-First (H3:MaxDiff) (9 steps):
  0: (0, 0, 0, 0, 0)
  1: (0, 0, 0, 0, 29)
  2: (0, 13, 0, 0, 16)
  3: (7, 6, 0, 0, 16)
  4: (0, 6, 0, 0, 23)
  5: (0, 0, 0, 6, 23)
  6: (0, 0, 0, 6, 29)
  7: (6, 0, 0, 0, 29)
  8: (7, 0, 0, 0, 28)
  9: (0, 0, 0, 0, 28)


========== instances\7_13_19_23_29_b.buck ==========
Cap: (7, 13, 19, 23, 29)  Goal: (0, 0, 0, 17, 28)

Algorithm                            Path   Visited   MaxOpen        ms
-----------------------------------------------------------------------
DFS                                  8643    754281    483627    5867.0
BFS                                     8     37259     40753     183.8
Best-First (H1:SumDiff)                12        55       427       0.4
Best-First (H2:WrongCount)             13       134       792       0.8
Best-First (H3:MaxDiff)                16       419      2120       2.3

BFS (8 steps):
  0: (0, 0, 0, 0, 0)
  1: (0, 0, 0, 23, 0)
  2: (0, 0, 0, 23, 29)
  3: (0, 13, 0, 10, 29)
  4: (7, 6, 0, 10, 29)
  5: (0, 6, 0, 10, 29)
  6: (6, 0, 0, 10, 29)
  7: (7, 0, 0, 10, 28)
  8: (0, 0, 0, 17, 28)

Best-First (H1:SumDiff) (12 steps):
  0: (0, 0, 0, 0, 0)
  1: (0, 0, 0, 0, 29)
  2: (0, 0, 0, 23, 29)
  3: (7, 0, 0, 16, 29)
  4: (0, 7, 0, 16, 29)
  5: (0, 7, 0, 23, 29)
  6: (0, 13, 0, 17, 29)
  7: (0, 0, 13, 17, 29)
  8: (7, 0, 6, 17, 29)
  9: (0, 0, 6, 17, 29)
  10: (6, 0, 0, 17, 29)
  11: (7, 0, 0, 17, 28)
  12: (0, 0, 0, 17, 28)

Best-First (H2:WrongCount) (13 steps):
  0: (0, 0, 0, 0, 0)
  1: (0, 0, 0, 23, 0)
  2: (0, 0, 0, 0, 23)
  3: (0, 0, 0, 23, 23)
  4: (0, 0, 0, 17, 29)
  5: (0, 0, 0, 17, 0)
  6: (0, 0, 19, 17, 0)
  7: (0, 0, 0, 17, 19)
  8: (0, 0, 19, 17, 19)
  9: (0, 0, 9, 17, 29)
  10: (0, 0, 9, 17, 0)
  11: (0, 0, 0, 17, 9)
  12: (0, 0, 19, 17, 9)
  13: (0, 0, 0, 17, 28)

Best-First (H3:MaxDiff) (16 steps):
  0: (0, 0, 0, 0, 0)
  1: (0, 0, 0, 0, 29)
  2: (0, 0, 0, 23, 29)
  3: (7, 0, 0, 16, 29)
  4: (0, 0, 0, 16, 29)
  5: (7, 0, 0, 16, 22)
  6: (0, 0, 0, 16, 22)
  7: (0, 0, 0, 9, 29)
  8: (0, 13, 0, 9, 16)
  9: (0, 0, 0, 22, 16)
  10: (7, 0, 0, 15, 16)
  11: (0, 0, 0, 15, 23)
  12: (7, 0, 0, 15, 23)
  13: (1, 0, 0, 15, 29)
  14: (1, 0, 0, 23, 21)
  15: (7, 0, 0, 17, 21)
  16: (0, 0, 0, 17, 28)


========== instances\7_13_19_23_29_c.buck ==========
Cap: (7, 13, 19, 23, 29)  Goal: (0, 0, 11, 17, 28)

Algorithm                            Path   Visited   MaxOpen        ms
-----------------------------------------------------------------------
DFS                                  5604    771745    483627    5990.6
BFS                                    12    386245    148440    2730.1
Best-First (H1:SumDiff)                29       358      2586       4.0
Best-First (H2:WrongCount)             57       349      2523       2.9
Best-First (H3:MaxDiff)               205     33204     78669     311.0

BFS (12 steps):
  0: (0, 0, 0, 0, 0)
  1: (0, 0, 0, 23, 0)
  2: (0, 0, 0, 23, 29)
  3: (0, 0, 19, 4, 29)
  4: (0, 0, 0, 4, 29)
  5: (0, 0, 4, 0, 29)
  6: (0, 0, 4, 23, 29)
  7: (0, 13, 4, 10, 29)
  8: (7, 6, 4, 10, 29)
  9: (0, 6, 11, 10, 29)
  10: (6, 0, 11, 10, 29)
  11: (7, 0, 11, 10, 28)
  12: (0, 0, 11, 17, 28)

Best-First (H1:SumDiff) (29 steps):
  0: (0, 0, 0, 0, 0)
  1: (0, 0, 0, 0, 29)
  2: (0, 0, 0, 23, 29)
  3: (0, 0, 19, 23, 29)
  4: (7, 0, 12, 23, 29)
  5: (0, 7, 12, 23, 29)
  6: (0, 13, 12, 17, 29)
  7: (0, 6, 19, 17, 29)
  8: (0, 6, 13, 23, 29)
  9: (6, 0, 13, 23, 29)
  10: (7, 0, 13, 22, 29)
  11: (0, 0, 13, 22, 29)
  12: (0, 0, 13, 23, 28)
  13: (0, 0, 19, 17, 28)
  14: (7, 0, 12, 17, 28)
  15: (0, 0, 12, 17, 28)
  16: (0, 13, 12, 17, 28)
  17: (0, 6, 19, 17, 28)
  18: (0, 6, 13, 23, 28)
  19: (0, 6, 13, 22, 29)
  20: (6, 0, 13, 22, 29)
  21: (7, 0, 13, 22, 28)
  22: (0, 0, 13, 22, 28)
  23: (7, 0, 13, 15, 28)
  24: (0, 7, 13, 15, 28)
  25: (0, 1, 19, 15, 28)
  26: (0, 1, 11, 23, 28)
  27: (1, 0, 11, 23, 28)
  28: (7, 0, 11, 17, 28)
  29: (0, 0, 11, 17, 28)


========== instances\7_13_19_23_29_e.buck ==========
Cap: (7, 13, 19, 23, 29)  Goal: (5, 11, 16, 22, 23)

Algorithm                            Path   Visited   MaxOpen        ms
-----------------------------------------------------------------------
DFS                                   N/A    814464    483627    6945.9
BFS                                   N/A    814464    148440    6583.0
Best-First (H1:SumDiff)               N/A    814464    219582    6654.5
Best-First (H2:WrongCount)            N/A    814464    287579    5851.0
Best-First (H3:MaxDiff)               N/A    814464    254600    6330.9


========== instances\7_13_19_23_a.buck ==========
Cap: (7, 13, 19, 23)  Goal: (0, 0, 0, 21)

Algorithm                            Path   Visited   MaxOpen        ms
-----------------------------------------------------------------------
DFS                                   270     23811     13224     103.0
BFS                                     6       948      1029       2.7
Best-First (H1:SumDiff)                16        33       140       0.2
Best-First (H2:WrongCount)             41        62       242       0.3
Best-First (H3:MaxDiff)                33       858      1783       3.6

BFS (6 steps):
  0: (0, 0, 0, 0)
  1: (7, 0, 0, 0)
  2: (0, 0, 0, 7)
  3: (7, 0, 0, 7)
  4: (0, 0, 0, 14)
  5: (7, 0, 0, 14)
  6: (0, 0, 0, 21)

Best-First (H1:SumDiff) (16 steps):
  0: (0, 0, 0, 0)
  1: (0, 0, 0, 23)
  2: (0, 13, 0, 23)
  3: (0, 0, 13, 23)
  4: (7, 0, 6, 23)
  5: (0, 0, 6, 23)
  6: (6, 0, 0, 23)
  7: (7, 0, 0, 22)
  8: (0, 0, 0, 22)
  9: (0, 13, 0, 22)
  10: (0, 0, 13, 22)
  11: (0, 0, 12, 23)
  12: (7, 0, 5, 23)
  13: (0, 0, 5, 23)
  14: (5, 0, 0, 23)
  15: (7, 0, 0, 21)
  16: (0, 0, 0, 21)


========== instances\7_13_19_23_b.buck ==========
Cap: (7, 13, 19, 23)  Goal: (0, 0, 0, 22)

Algorithm                            Path   Visited   MaxOpen        ms
-----------------------------------------------------------------------
DFS                                    17     25134     13224      95.3
BFS                                     7      2173      1889       9.5
Best-First (H1:SumDiff)                 8        17        72       0.2
Best-First (H2:WrongCount)             20        38       154       0.2
Best-First (H3:MaxDiff)                 9        80       258       0.5

DFS (17 steps):
  0: (0, 0, 0, 0)
  1: (0, 0, 0, 23)
  2: (0, 0, 19, 4)
  3: (0, 4, 19, 0)
  4: (0, 4, 0, 19)
  5: (7, 4, 0, 12)
  6: (7, 13, 0, 3)
  7: (7, 13, 3, 0)
  8: (7, 0, 3, 13)
  9: (7, 3, 0, 13)
  10: (7, 3, 13, 0)
  11: (0, 3, 13, 7)
  12: (0, 3, 19, 1)
  13: (0, 13, 9, 1)
  14: (1, 13, 9, 0)
  15: (1, 13, 0, 9)
  16: (1, 0, 0, 22)
  17: (0, 0, 0, 22)

BFS (7 steps):
  0: (0, 0, 0, 0)
  1: (0, 13, 0, 0)
  2: (0, 13, 0, 23)
  3: (7, 6, 0, 23)
  4: (0, 6, 0, 23)
  5: (6, 0, 0, 23)
  6: (7, 0, 0, 22)
  7: (0, 0, 0, 22)

Best-First (H1:SumDiff) (8 steps):
  0: (0, 0, 0, 0)
  1: (0, 0, 0, 23)
  2: (0, 13, 0, 23)
  3: (0, 0, 13, 23)
  4: (7, 0, 6, 23)
  5: (0, 0, 6, 23)
  6: (6, 0, 0, 23)
  7: (7, 0, 0, 22)
  8: (0, 0, 0, 22)

Best-First (H2:WrongCount) (20 steps):
  0: (0, 0, 0, 0)
  1: (0, 0, 19, 0)
  2: (0, 0, 0, 19)
  3: (0, 0, 19, 19)
  4: (0, 0, 15, 23)
  5: (0, 0, 15, 0)
  6: (0, 0, 0, 15)
  7: (0, 0, 19, 15)
  8: (0, 0, 11, 23)
  9: (0, 0, 11, 0)
  10: (0, 0, 0, 11)
  11: (0, 0, 19, 11)
  12: (0, 0, 7, 23)
  13: (0, 0, 7, 0)
  14: (0, 0, 0, 7)
  15: (0, 0, 19, 7)
  16: (0, 0, 3, 23)
  17: (0, 0, 3, 0)
  18: (0, 0, 0, 3)
  19: (0, 0, 19, 3)
  20: (0, 0, 0, 22)

Best-First (H3:MaxDiff) (9 steps):
  0: (0, 0, 0, 0)
  1: (0, 0, 0, 23)
  2: (0, 13, 0, 10)
  3: (7, 6, 0, 10)
  4: (0, 6, 0, 17)
  5: (0, 0, 6, 17)
  6: (0, 0, 6, 23)
  7: (6, 0, 0, 23)
  8: (7, 0, 0, 22)
  9: (0, 0, 0, 22)


========== instances\7_13_19_23_c.buck ==========
Cap: (7, 13, 19, 23)  Goal: (5, 7, 0, 22)

Algorithm                            Path   Visited   MaxOpen        ms
-----------------------------------------------------------------------
DFS                                  7702      8469     13111      47.7
BFS                                    12     19033      4576      58.5
Best-First (H1:SumDiff)                18      1758      4412       7.8
Best-First (H2:WrongCount)             54       165       835       0.9
Best-First (H3:MaxDiff)                89      3308      6300      13.8

BFS (12 steps):
  0: (0, 0, 0, 0)
  1: (7, 0, 0, 0)
  2: (7, 0, 0, 23)
  3: (7, 0, 19, 4)
  4: (7, 0, 0, 4)
  5: (7, 0, 4, 0)
  6: (7, 0, 4, 23)
  7: (7, 13, 4, 10)
  8: (7, 0, 17, 10)
  9: (0, 7, 17, 10)
  10: (7, 7, 17, 3)
  11: (5, 7, 19, 3)
  12: (5, 7, 0, 22)

Best-First (H1:SumDiff) (18 steps):
  0: (0, 0, 0, 0)
  1: (0, 0, 0, 23)
  2: (0, 13, 0, 23)
  3: (7, 6, 0, 23)
  4: (0, 6, 0, 23)
  5: (6, 0, 0, 23)
  6: (6, 13, 0, 23)
  7: (7, 13, 0, 22)
  8: (0, 13, 0, 22)
  9: (7, 6, 0, 22)
  10: (0, 6, 0, 22)
  11: (6, 0, 0, 22)
  12: (6, 13, 0, 22)
  13: (7, 12, 0, 22)
  14: (0, 12, 0, 22)
  15: (7, 5, 0, 22)
  16: (0, 5, 7, 22)
  17: (5, 0, 7, 22)
  18: (5, 7, 0, 22)


========== instances\7_13_19_23_e.buck ==========
Cap: (7, 13, 19, 23)  Goal: (5, 7, 17, 21)

Algorithm                            Path   Visited   MaxOpen        ms
-----------------------------------------------------------------------
DFS                                   N/A     25248     13224      83.6
BFS                                   N/A     25248      4576      77.0
Best-First (H1:SumDiff)               N/A     25248      7781      89.4
Best-First (H2:WrongCount)            N/A     25248      7645      87.7
Best-First (H3:MaxDiff)               N/A     25248      7437      75.7


========== instances\7_13_19_23_d.buck ==========
Cap: (7, 13, 19, 23)  Goal: (5, 7, 13, 22)

Algorithm                            Path   Visited   MaxOpen        ms
-----------------------------------------------------------------------
DFS                                   N/A     25248     13224      98.3
BFS                                   N/A     25248      4576      75.7
Best-First (H1:SumDiff)               N/A     25248      8116      94.2
Best-First (H2:WrongCount)            N/A     25248      7825      85.9
Best-First (H3:MaxDiff)               N/A     25248      7694      87.6


========== instances\17_20_a.buck ==========
Cap: (17, 20)  Goal: (8, 0)

Algorithm                            Path   Visited   MaxOpen        ms
-----------------------------------------------------------------------
DFS                                    60        61         3       0.1
BFS                                    13        27         3       0.0
Best-First (H1:SumDiff)                13        14         3       0.0
Best-First (H2:WrongCount)             13        35         3       0.1
Best-First (H3:MaxDiff)                13        34         3       0.1

BFS (13 steps):
  0: (0, 0)
  1: (17, 0)
  2: (0, 17)
  3: (17, 17)
  4: (14, 20)
  5: (14, 0)
  6: (0, 14)
  7: (17, 14)
  8: (11, 20)
  9: (11, 0)
  10: (0, 11)
  11: (17, 11)
  12: (8, 20)
  13: (8, 0)

Best-First (H1:SumDiff) (13 steps):
  0: (0, 0)
  1: (17, 0)
  2: (0, 17)
  3: (17, 17)
  4: (14, 20)
  5: (14, 0)
  6: (0, 14)
  7: (17, 14)
  8: (11, 20)
  9: (11, 0)
  10: (0, 11)
  11: (17, 11)
  12: (8, 20)
  13: (8, 0)

Best-First (H2:WrongCount) (13 steps):
  0: (0, 0)
  1: (17, 0)
  2: (0, 17)
  3: (17, 17)
  4: (14, 20)
  5: (14, 0)
  6: (0, 14)
  7: (17, 14)
  8: (11, 20)
  9: (11, 0)
  10: (0, 11)
  11: (17, 11)
  12: (8, 20)
  13: (8, 0)

Best-First (H3:MaxDiff) (13 steps):
  0: (0, 0)
  1: (17, 0)
  2: (0, 17)
  3: (17, 17)
  4: (14, 20)
  5: (14, 0)
  6: (0, 14)
  7: (17, 14)
  8: (11, 20)
  9: (11, 0)
  10: (0, 11)
  11: (17, 11)
  12: (8, 20)
  13: (8, 0)


========== instances\17_20_b.buck ==========
Cap: (17, 20)  Goal: (8, 8)

Algorithm                            Path   Visited   MaxOpen        ms
-----------------------------------------------------------------------
DFS                                   N/A        74         3       0.1
BFS                                   N/A        74         3       0.1
Best-First (H1:SumDiff)               N/A        74         3       0.1
Best-First (H2:WrongCount)            N/A        74         3       0.1
Best-First (H3:MaxDiff)               N/A        74         3       0.1


========== instances\td.buck ==========
Cap: (3, 5)  Goal: (0, 4)

Algorithm                            Path   Visited   MaxOpen        ms
-----------------------------------------------------------------------
DFS                                     7         8         3       0.0
BFS                                     7        16         3       0.0
Best-First (H1:SumDiff)                 7         9         3       0.0
Best-First (H2:WrongCount)              7        10         3       0.0
Best-First (H3:MaxDiff)                 7         9         3       0.0

DFS (7 steps):
  0: (0, 0)
  1: (0, 5)
  2: (3, 2)
  3: (0, 2)
  4: (2, 0)
  5: (2, 5)
  6: (3, 4)
  7: (0, 4)

BFS (7 steps):
  0: (0, 0)
  1: (0, 5)
  2: (3, 2)
  3: (0, 2)
  4: (2, 0)
  5: (2, 5)
  6: (3, 4)
  7: (0, 4)

Best-First (H1:SumDiff) (7 steps):
  0: (0, 0)
  1: (0, 5)
  2: (3, 2)
  3: (0, 2)
  4: (2, 0)
  5: (2, 5)
  6: (3, 4)
  7: (0, 4)

Best-First (H2:WrongCount) (7 steps):
  0: (0, 0)
  1: (0, 5)
  2: (3, 2)
  3: (0, 2)
  4: (2, 0)
  5: (2, 5)
  6: (3, 4)
  7: (0, 4)

Best-First (H3:MaxDiff) (7 steps):
  0: (0, 0)
  1: (0, 5)
  2: (3, 2)
  3: (0, 2)
  4: (2, 0)
  5: (2, 5)
  6: (3, 4)
  7: (0, 4)

